# Forces   
# CofR     : (0.000e+00 0.000e+00 0.000e+00)
# Time     forces(pressure viscous porous)	moments(pressure viscous porous)
1          	((-1.510e+02 1.282e+01 -3.135e+02) (-2.486e-01 2.021e-03 1.327e-02) (0.000e+00 0.000e+00 0.000e+00)) ((-1.132e+02 1.657e+02 7.062e+01) (6.197e-03 1.230e-02 1.045e-01) (0.000e+00 0.000e+00 0.000e+00))
2          	((-5.808e+01 2.290e+00 -1.554e+02) (-2.134e-01 1.694e-03 3.136e-02) (0.000e+00 0.000e+00 0.000e+00)) ((-5.561e+01 8.845e+01 2.613e+01) (1.369e-02 6.354e-03 9.000e-02) (0.000e+00 0.000e+00 0.000e+00))
3          	((-3.141e+01 -8.394e-01 -1.051e+02) (-2.120e-01 1.722e-03 3.746e-02) (0.000e+00 0.000e+00 0.000e+00)) ((-3.733e+01 6.256e+01 1.336e+01) (1.632e-02 4.457e-03 8.936e-02) (0.000e+00 0.000e+00 0.000e+00))
4          	((-1.647e+01 -2.335e+00 -7.700e+01) (-2.096e-01 1.724e-03 4.069e-02) (0.000e+00 0.000e+00 0.000e+00)) ((-2.705e+01 4.809e+01 6.341e+00) (1.761e-02 3.976e-03 8.851e-02) (0.000e+00 0.000e+00 0.000e+00))
5          	((-1.317e+01 -2.432e+00 -7.053e+01) (-2.110e-01 1.881e-03 4.220e-02) (0.000e+00 0.000e+00 0.000e+00)) ((-2.455e+01 4.471e+01 4.900e+00) (1.822e-02 3.524e-03 8.921e-02) (0.000e+00 0.000e+00 0.000e+00))
6          	((-1.335e+01 -2.384e+00 -7.064e+01) (-2.129e-01 2.040e-03 4.338e-02) (0.000e+00 0.000e+00 0.000e+00)) ((-2.452e+01 4.481e+01 5.007e+00) (1.868e-02 3.089e-03 9.008e-02) (0.000e+00 0.000e+00 0.000e+00))
7          	((-1.537e+01 -2.318e+00 -7.513e+01) (-2.140e-01 2.210e-03 4.386e-02) (0.000e+00 0.000e+00 0.000e+00)) ((-2.613e+01 4.734e+01 5.911e+00) (1.890e-02 2.943e-03 9.068e-02) (0.000e+00 0.000e+00 0.000e+00))
8          	((-1.677e+01 -2.294e+00 -7.832e+01) (-2.146e-01 2.402e-03 4.408e-02) (0.000e+00 0.000e+00 0.000e+00)) ((-2.731e+01 4.917e+01 6.544e+00) (1.903e-02 2.872e-03 9.105e-02) (0.000e+00 0.000e+00 0.000e+00))
9          	((-1.826e+01 -2.318e+00 -8.231e+01) (-2.150e-01 2.615e-03 4.436e-02) (0.000e+00 0.000e+00 0.000e+00)) ((-2.881e+01 5.152e+01 7.207e+00) (1.919e-02 2.770e-03 9.132e-02) (0.000e+00 0.000e+00 0.000e+00))
10         	((-1.875e+01 -2.347e+00 -8.400e+01) (-2.153e-01 2.789e-03 4.494e-02) (0.000e+00 0.000e+00 0.000e+00)) ((-2.947e+01 5.258e+01 7.443e+00) (1.946e-02 2.558e-03 9.149e-02) (0.000e+00 0.000e+00 0.000e+00))
11         	((-1.919e+01 -2.305e+00 -8.581e+01) (-2.156e-01 2.962e-03 4.555e-02) (0.000e+00 0.000e+00 0.000e+00)) ((-3.018e+01 5.373e+01 7.692e+00) (1.974e-02 2.322e-03 9.164e-02) (0.000e+00 0.000e+00 0.000e+00))
12         	((-1.950e+01 -2.221e+00 -8.745e+01) (-2.160e-01 3.153e-03 4.605e-02) (0.000e+00 0.000e+00 0.000e+00)) ((-3.081e+01 5.479e+01 7.899e+00) (2.000e-02 2.084e-03 9.183e-02) (0.000e+00 0.000e+00 0.000e+00))
13         	((-1.960e+01 -2.091e+00 -8.887e+01) (-2.160e-01 3.312e-03 4.700e-02) (0.000e+00 0.000e+00 0.000e+00)) ((-3.134e+01 5.576e+01 8.041e+00) (2.042e-02 1.779e-03 9.186e-02) (0.000e+00 0.000e+00 0.000e+00))
14         	((-1.957e+01 -1.922e+00 -9.014e+01) (-2.155e-01 3.453e-03 4.835e-02) (0.000e+00 0.000e+00 0.000e+00)) ((-3.180e+01 5.668e+01 8.138e+00) (2.099e-02 1.418e-03 9.170e-02) (0.000e+00 0.000e+00 0.000e+00))
15         	((-1.947e+01 -1.732e+00 -9.133e+01) (-2.148e-01 3.586e-03 4.968e-02) (0.000e+00 0.000e+00 0.000e+00)) ((-3.221e+01 5.755e+01 8.218e+00) (2.157e-02 1.101e-03 9.147e-02) (0.000e+00 0.000e+00 0.000e+00))
16         	((-1.937e+01 -1.540e+00 -9.247e+01) (-2.141e-01 3.666e-03 5.096e-02) (0.000e+00 0.000e+00 0.000e+00)) ((-3.259e+01 5.840e+01 8.297e+00) (2.213e-02 8.236e-04 9.124e-02) (0.000e+00 0.000e+00 0.000e+00))
17         	((-1.927e+01 -1.350e+00 -9.348e+01) (-2.136e-01 3.721e-03 5.191e-02) (0.000e+00 0.000e+00 0.000e+00)) ((-3.291e+01 5.917e+01 8.372e+00) (2.257e-02 6.415e-04 9.104e-02) (0.000e+00 0.000e+00 0.000e+00))
18         	((-1.919e+01 -1.184e+00 -9.439e+01) (-2.130e-01 3.768e-03 5.253e-02) (0.000e+00 0.000e+00 0.000e+00)) ((-3.320e+01 5.987e+01 8.440e+00) (2.288e-02 5.746e-04 9.085e-02) (0.000e+00 0.000e+00 0.000e+00))
19         	((-1.912e+01 -1.049e+00 -9.525e+01) (-2.121e-01 3.800e-03 5.293e-02) (0.000e+00 0.000e+00 0.000e+00)) ((-3.345e+01 6.053e+01 8.501e+00) (2.312e-02 6.215e-04 9.058e-02) (0.000e+00 0.000e+00 0.000e+00))
20         	((-1.908e+01 -9.600e-01 -9.595e+01) (-2.119e-01 3.829e-03 5.310e-02) (0.000e+00 0.000e+00 0.000e+00)) ((-3.366e+01 6.108e+01 8.546e+00) (2.326e-02 6.678e-04 9.055e-02) (0.000e+00 0.000e+00 0.000e+00))
21         	((-1.909e+01 -8.705e-01 -9.700e+01) (-2.120e-01 3.849e-03 5.303e-02) (0.000e+00 0.000e+00 0.000e+00)) ((-3.398e+01 6.186e+01 8.615e+00) (2.331e-02 7.587e-04 9.064e-02) (0.000e+00 0.000e+00 0.000e+00))
22         	((-1.909e+01 -8.276e-01 -9.766e+01) (-2.123e-01 3.867e-03 5.284e-02) (0.000e+00 0.000e+00 0.000e+00)) ((-3.417e+01 6.235e+01 8.656e+00) (2.330e-02 8.838e-04 9.079e-02) (0.000e+00 0.000e+00 0.000e+00))
23         	((-1.914e+01 -7.728e-01 -9.869e+01) (-2.127e-01 3.876e-03 5.260e-02) (0.000e+00 0.000e+00 0.000e+00)) ((-3.449e+01 6.310e+01 8.727e+00) (2.326e-02 1.036e-03 9.098e-02) (0.000e+00 0.000e+00 0.000e+00))
24         	((-1.916e+01 -7.438e-01 -9.933e+01) (-2.132e-01 3.879e-03 5.240e-02) (0.000e+00 0.000e+00 0.000e+00)) ((-3.468e+01 6.357e+01 8.765e+00) (2.323e-02 1.174e-03 9.121e-02) (0.000e+00 0.000e+00 0.000e+00))
25         	((-1.918e+01 -6.824e-01 -1.002e+02) (-2.137e-01 3.889e-03 5.225e-02) (0.000e+00 0.000e+00 0.000e+00)) ((-3.497e+01 6.425e+01 8.827e+00) (2.321e-02 1.309e-03 9.146e-02) (0.000e+00 0.000e+00 0.000e+00))
26         	((-1.915e+01 -6.514e-01 -1.008e+02) (-2.142e-01 3.896e-03 5.218e-02) (0.000e+00 0.000e+00 0.000e+00)) ((-3.514e+01 6.466e+01 8.846e+00) (2.322e-02 1.439e-03 9.171e-02) (0.000e+00 0.000e+00 0.000e+00))
27         	((-1.909e+01 -5.641e-01 -1.015e+02) (-2.147e-01 3.901e-03 5.219e-02) (0.000e+00 0.000e+00 0.000e+00)) ((-3.537e+01 6.522e+01 8.882e+00) (2.325e-02 1.563e-03 9.196e-02) (0.000e+00 0.000e+00 0.000e+00))
28         	((-1.903e+01 -5.254e-01 -1.020e+02) (-2.151e-01 3.911e-03 5.222e-02) (0.000e+00 0.000e+00 0.000e+00)) ((-3.551e+01 6.557e+01 8.888e+00) (2.330e-02 1.695e-03 9.220e-02) (0.000e+00 0.000e+00 0.000e+00))
29         	((-1.895e+01 -4.233e-01 -1.026e+02) (-2.154e-01 3.926e-03 5.226e-02) (0.000e+00 0.000e+00 0.000e+00)) ((-3.571e+01 6.608e+01 8.916e+00) (2.334e-02 1.839e-03 9.242e-02) (0.000e+00 0.000e+00 0.000e+00))
30         	((-1.889e+01 -3.906e-01 -1.030e+02) (-2.158e-01 3.951e-03 5.232e-02) (0.000e+00 0.000e+00 0.000e+00)) ((-3.585e+01 6.642e+01 8.917e+00) (2.340e-02 1.967e-03 9.265e-02) (0.000e+00 0.000e+00 0.000e+00))
31         	((-1.884e+01 -3.192e-01 -1.037e+02) (-2.162e-01 3.973e-03 5.238e-02) (0.000e+00 0.000e+00 0.000e+00)) ((-3.607e+01 6.692e+01 8.936e+00) (2.345e-02 2.094e-03 9.287e-02) (0.000e+00 0.000e+00 0.000e+00))
32         	((-1.880e+01 -3.162e-01 -1.041e+02) (-2.166e-01 3.994e-03 5.244e-02) (0.000e+00 0.000e+00 0.000e+00)) ((-3.621e+01 6.724e+01 8.931e+00) (2.351e-02 2.209e-03 9.313e-02) (0.000e+00 0.000e+00 0.000e+00))
33         	((-1.878e+01 -2.946e-01 -1.048e+02) (-2.171e-01 4.019e-03 5.250e-02) (0.000e+00 0.000e+00 0.000e+00)) ((-3.645e+01 6.777e+01 8.947e+00) (2.356e-02 2.316e-03 9.342e-02) (0.000e+00 0.000e+00 0.000e+00))
34         	((-1.876e+01 -3.177e-01 -1.052e+02) (-2.176e-01 4.036e-03 5.257e-02) (0.000e+00 0.000e+00 0.000e+00)) ((-3.660e+01 6.807e+01 8.940e+00) (2.363e-02 2.404e-03 9.373e-02) (0.000e+00 0.000e+00 0.000e+00))
35         	((-1.875e+01 -3.038e-01 -1.059e+02) (-2.181e-01 4.064e-03 5.263e-02) (0.000e+00 0.000e+00 0.000e+00)) ((-3.684e+01 6.855e+01 8.961e+00) (2.369e-02 2.491e-03 9.408e-02) (0.000e+00 0.000e+00 0.000e+00))
36         	((-1.872e+01 -2.906e-01 -1.063e+02) (-2.187e-01 4.094e-03 5.271e-02) (0.000e+00 0.000e+00 0.000e+00)) ((-3.697e+01 6.883e+01 8.967e+00) (2.376e-02 2.559e-03 9.445e-02) (0.000e+00 0.000e+00 0.000e+00))
37         	((-1.867e+01 -2.097e-01 -1.067e+02) (-2.192e-01 4.141e-03 5.280e-02) (0.000e+00 0.000e+00 0.000e+00)) ((-3.713e+01 6.919e+01 8.996e+00) (2.383e-02 2.626e-03 9.483e-02) (0.000e+00 0.000e+00 0.000e+00))
38         	((-1.863e+01 -1.676e-01 -1.070e+02) (-2.197e-01 4.185e-03 5.291e-02) (0.000e+00 0.000e+00 0.000e+00)) ((-3.722e+01 6.939e+01 9.011e+00) (2.390e-02 2.681e-03 9.519e-02) (0.000e+00 0.000e+00 0.000e+00))
39         	((-1.852e+01 -5.601e-02 -1.072e+02) (-2.202e-01 4.238e-03 5.304e-02) (0.000e+00 0.000e+00 0.000e+00)) ((-3.729e+01 6.960e+01 9.035e+00) (2.398e-02 2.730e-03 9.550e-02) (0.000e+00 0.000e+00 0.000e+00))
40         	((-1.848e+01 -5.202e-03 -1.073e+02) (-2.205e-01 4.288e-03 5.316e-02) (0.000e+00 0.000e+00 0.000e+00)) ((-3.733e+01 6.973e+01 9.056e+00) (2.405e-02 2.769e-03 9.577e-02) (0.000e+00 0.000e+00 0.000e+00))
41         	((-1.841e+01 9.856e-02 -1.075e+02) (-2.208e-01 4.337e-03 5.331e-02) (0.000e+00 0.000e+00 0.000e+00)) ((-3.735e+01 6.985e+01 9.091e+00) (2.412e-02 2.802e-03 9.599e-02) (0.000e+00 0.000e+00 0.000e+00))
42         	((-1.840e+01 1.510e-01 -1.076e+02) (-2.211e-01 4.383e-03 5.346e-02) (0.000e+00 0.000e+00 0.000e+00)) ((-3.735e+01 6.994e+01 9.125e+00) (2.419e-02 2.826e-03 9.620e-02) (0.000e+00 0.000e+00 0.000e+00))
43         	((-1.841e+01 2.286e-01 -1.077e+02) (-2.214e-01 4.414e-03 5.362e-02) (0.000e+00 0.000e+00 0.000e+00)) ((-3.732e+01 7.002e+01 9.174e+00) (2.427e-02 2.843e-03 9.639e-02) (0.000e+00 0.000e+00 0.000e+00))
44         	((-1.843e+01 3.143e-01 -1.077e+02) (-2.218e-01 4.446e-03 5.381e-02) (0.000e+00 0.000e+00 0.000e+00)) ((-3.727e+01 7.007e+01 9.230e+00) (2.436e-02 2.854e-03 9.659e-02) (0.000e+00 0.000e+00 0.000e+00))
45         	((-1.847e+01 4.004e-01 -1.078e+02) (-2.221e-01 4.471e-03 5.399e-02) (0.000e+00 0.000e+00 0.000e+00)) ((-3.722e+01 7.013e+01 9.288e+00) (2.445e-02 2.865e-03 9.680e-02) (0.000e+00 0.000e+00 0.000e+00))
46         	((-1.851e+01 4.809e-01 -1.079e+02) (-2.226e-01 4.479e-03 5.418e-02) (0.000e+00 0.000e+00 0.000e+00)) ((-3.717e+01 7.021e+01 9.340e+00) (2.454e-02 2.873e-03 9.703e-02) (0.000e+00 0.000e+00 0.000e+00))
47         	((-1.855e+01 5.404e-01 -1.080e+02) (-2.230e-01 4.463e-03 5.438e-02) (0.000e+00 0.000e+00 0.000e+00)) ((-3.712e+01 7.030e+01 9.380e+00) (2.464e-02 2.881e-03 9.726e-02) (0.000e+00 0.000e+00 0.000e+00))
48         	((-1.858e+01 5.587e-01 -1.081e+02) (-2.236e-01 4.437e-03 5.459e-02) (0.000e+00 0.000e+00 0.000e+00)) ((-3.707e+01 7.040e+01 9.395e+00) (2.474e-02 2.890e-03 9.752e-02) (0.000e+00 0.000e+00 0.000e+00))
49         	((-1.860e+01 5.341e-01 -1.083e+02) (-2.241e-01 4.408e-03 5.479e-02) (0.000e+00 0.000e+00 0.000e+00)) ((-3.703e+01 7.052e+01 9.385e+00) (2.484e-02 2.908e-03 9.782e-02) (0.000e+00 0.000e+00 0.000e+00))
50         	((-1.857e+01 4.770e-01 -1.084e+02) (-2.247e-01 4.368e-03 5.500e-02) (0.000e+00 0.000e+00 0.000e+00)) ((-3.698e+01 7.063e+01 9.337e+00) (2.494e-02 2.930e-03 9.814e-02) (0.000e+00 0.000e+00 0.000e+00))
51         	((-1.850e+01 4.056e-01 -1.085e+02) (-2.254e-01 4.375e-03 5.519e-02) (0.000e+00 0.000e+00 0.000e+00)) ((-3.690e+01 7.070e+01 9.258e+00) (2.504e-02 2.967e-03 9.852e-02) (0.000e+00 0.000e+00 0.000e+00))
52         	((-1.838e+01 3.297e-01 -1.084e+02) (-2.262e-01 4.328e-03 5.544e-02) (0.000e+00 0.000e+00 0.000e+00)) ((-3.680e+01 7.073e+01 9.157e+00) (2.517e-02 2.990e-03 9.892e-02) (0.000e+00 0.000e+00 0.000e+00))
53         	((-1.824e+01 2.588e-01 -1.083e+02) (-2.269e-01 4.298e-03 5.570e-02) (0.000e+00 0.000e+00 0.000e+00)) ((-3.667e+01 7.073e+01 9.045e+00) (2.531e-02 3.015e-03 9.935e-02) (0.000e+00 0.000e+00 0.000e+00))
54         	((-1.811e+01 1.900e-01 -1.082e+02) (-2.278e-01 4.297e-03 5.597e-02) (0.000e+00 0.000e+00 0.000e+00)) ((-3.654e+01 7.070e+01 8.939e+00) (2.545e-02 3.039e-03 9.981e-02) (0.000e+00 0.000e+00 0.000e+00))
55         	((-1.801e+01 1.236e-01 -1.082e+02) (-2.286e-01 4.304e-03 5.624e-02) (0.000e+00 0.000e+00 0.000e+00)) ((-3.645e+01 7.070e+01 8.850e+00) (2.560e-02 3.059e-03 1.003e-01) (0.000e+00 0.000e+00 0.000e+00))
56         	((-1.796e+01 5.612e-02 -1.082e+02) (-2.295e-01 4.350e-03 5.651e-02) (0.000e+00 0.000e+00 0.000e+00)) ((-3.641e+01 7.074e+01 8.785e+00) (2.575e-02 3.082e-03 1.008e-01) (0.000e+00 0.000e+00 0.000e+00))
57         	((-1.795e+01 -6.518e-03 -1.083e+02) (-2.304e-01 4.404e-03 5.680e-02) (0.000e+00 0.000e+00 0.000e+00)) ((-3.644e+01 7.084e+01 8.747e+00) (2.590e-02 3.106e-03 1.013e-01) (0.000e+00 0.000e+00 0.000e+00))
58         	((-1.795e+01 -6.667e-02 -1.085e+02) (-2.313e-01 4.472e-03 5.709e-02) (0.000e+00 0.000e+00 0.000e+00)) ((-3.650e+01 7.096e+01 8.724e+00) (2.606e-02 3.125e-03 1.018e-01) (0.000e+00 0.000e+00 0.000e+00))
59         	((-1.795e+01 -1.615e-01 -1.087e+02) (-2.322e-01 4.521e-03 5.738e-02) (0.000e+00 0.000e+00 0.000e+00)) ((-3.655e+01 7.110e+01 8.686e+00) (2.621e-02 3.146e-03 1.023e-01) (0.000e+00 0.000e+00 0.000e+00))
60         	((-1.795e+01 -2.632e-01 -1.088e+02) (-2.331e-01 4.556e-03 5.766e-02) (0.000e+00 0.000e+00 0.000e+00)) ((-3.657e+01 7.115e+01 8.654e+00) (2.635e-02 3.168e-03 1.028e-01) (0.000e+00 0.000e+00 0.000e+00))
61         	((-1.791e+01 -4.552e-01 -1.088e+02) (-2.340e-01 4.566e-03 5.791e-02) (0.000e+00 0.000e+00 0.000e+00)) ((-3.654e+01 7.118e+01 8.577e+00) (2.648e-02 3.190e-03 1.033e-01) (0.000e+00 0.000e+00 0.000e+00))
62         	((-1.791e+01 -6.078e-01 -1.088e+02) (-2.349e-01 4.548e-03 5.815e-02) (0.000e+00 0.000e+00 0.000e+00)) ((-3.652e+01 7.118e+01 8.534e+00) (2.659e-02 3.214e-03 1.037e-01) (0.000e+00 0.000e+00 0.000e+00))
63         	((-1.791e+01 -8.573e-01 -1.088e+02) (-2.358e-01 4.493e-03 5.839e-02) (0.000e+00 0.000e+00 0.000e+00)) ((-3.650e+01 7.119e+01 8.459e+00) (2.671e-02 3.229e-03 1.042e-01) (0.000e+00 0.000e+00 0.000e+00))
64         	((-1.792e+01 -1.007e+00 -1.088e+02) (-2.367e-01 4.441e-03 5.864e-02) (0.000e+00 0.000e+00 0.000e+00)) ((-3.650e+01 7.123e+01 8.423e+00) (2.682e-02 3.240e-03 1.046e-01) (0.000e+00 0.000e+00 0.000e+00))
65         	((-1.795e+01 -1.168e+00 -1.089e+02) (-2.376e-01 4.393e-03 5.890e-02) (0.000e+00 0.000e+00 0.000e+00)) ((-3.653e+01 7.131e+01 8.383e+00) (2.693e-02 3.249e-03 1.050e-01) (0.000e+00 0.000e+00 0.000e+00))
66         	((-1.798e+01 -1.262e+00 -1.091e+02) (-2.385e-01 4.368e-03 5.918e-02) (0.000e+00 0.000e+00 0.000e+00)) ((-3.658e+01 7.143e+01 8.364e+00) (2.705e-02 3.251e-03 1.054e-01) (0.000e+00 0.000e+00 0.000e+00))
67         	((-1.800e+01 -1.276e+00 -1.094e+02) (-2.394e-01 4.369e-03 5.947e-02) (0.000e+00 0.000e+00 0.000e+00)) ((-3.663e+01 7.157e+01 8.361e+00) (2.717e-02 3.255e-03 1.058e-01) (0.000e+00 0.000e+00 0.000e+00))
68         	((-1.799e+01 -1.221e+00 -1.096e+02) (-2.403e-01 4.371e-03 5.976e-02) (0.000e+00 0.000e+00 0.000e+00)) ((-3.669e+01 7.171e+01 8.373e+00) (2.729e-02 3.259e-03 1.062e-01) (0.000e+00 0.000e+00 0.000e+00))
69         	((-1.796e+01 -1.125e+00 -1.098e+02) (-2.413e-01 4.358e-03 6.002e-02) (0.000e+00 0.000e+00 0.000e+00)) ((-3.675e+01 7.184e+01 8.392e+00) (2.739e-02 3.272e-03 1.066e-01) (0.000e+00 0.000e+00 0.000e+00))
70         	((-1.792e+01 -1.015e+00 -1.099e+02) (-2.422e-01 4.323e-03 6.028e-02) (0.000e+00 0.000e+00 0.000e+00)) ((-3.680e+01 7.196e+01 8.411e+00) (2.747e-02 3.285e-03 1.070e-01) (0.000e+00 0.000e+00 0.000e+00))
71         	((-1.788e+01 -9.147e-01 -1.101e+02) (-2.431e-01 4.267e-03 6.051e-02) (0.000e+00 0.000e+00 0.000e+00)) ((-3.685e+01 7.207e+01 8.424e+00) (2.754e-02 3.302e-03 1.074e-01) (0.000e+00 0.000e+00 0.000e+00))
72         	((-1.783e+01 -8.291e-01 -1.102e+02) (-2.440e-01 4.190e-03 6.072e-02) (0.000e+00 0.000e+00 0.000e+00)) ((-3.691e+01 7.217e+01 8.434e+00) (2.760e-02 3.322e-03 1.078e-01) (0.000e+00 0.000e+00 0.000e+00))
73         	((-1.780e+01 -7.565e-01 -1.104e+02) (-2.447e-01 4.134e-03 6.089e-02) (0.000e+00 0.000e+00 0.000e+00)) ((-3.697e+01 7.228e+01 8.443e+00) (2.764e-02 3.348e-03 1.081e-01) (0.000e+00 0.000e+00 0.000e+00))
74         	((-1.779e+01 -6.918e-01 -1.105e+02) (-2.455e-01 4.106e-03 6.106e-02) (0.000e+00 0.000e+00 0.000e+00)) ((-3.704e+01 7.240e+01 8.455e+00) (2.767e-02 3.373e-03 1.085e-01) (0.000e+00 0.000e+00 0.000e+00))
75         	((-1.779e+01 -6.295e-01 -1.107e+02) (-2.462e-01 4.063e-03 6.120e-02) (0.000e+00 0.000e+00 0.000e+00)) ((-3.712e+01 7.252e+01 8.475e+00) (2.771e-02 3.399e-03 1.088e-01) (0.000e+00 0.000e+00 0.000e+00))
76         	((-1.782e+01 -5.727e-01 -1.109e+02) (-2.468e-01 4.035e-03 6.136e-02) (0.000e+00 0.000e+00 0.000e+00)) ((-3.721e+01 7.266e+01 8.505e+00) (2.777e-02 3.416e-03 1.092e-01) (0.000e+00 0.000e+00 0.000e+00))
77         	((-1.788e+01 -5.265e-01 -1.112e+02) (-2.475e-01 4.000e-03 6.156e-02) (0.000e+00 0.000e+00 0.000e+00)) ((-3.731e+01 7.281e+01 8.542e+00) (2.786e-02 3.414e-03 1.096e-01) (0.000e+00 0.000e+00 0.000e+00))
78         	((-1.796e+01 -4.832e-01 -1.115e+02) (-2.482e-01 3.965e-03 6.182e-02) (0.000e+00 0.000e+00 0.000e+00)) ((-3.743e+01 7.298e+01 8.591e+00) (2.799e-02 3.392e-03 1.100e-01) (0.000e+00 0.000e+00 0.000e+00))
79         	((-1.808e+01 -4.345e-01 -1.118e+02) (-2.490e-01 3.931e-03 6.213e-02) (0.000e+00 0.000e+00 0.000e+00)) ((-3.755e+01 7.316e+01 8.653e+00) (2.816e-02 3.353e-03 1.105e-01) (0.000e+00 0.000e+00 0.000e+00))
80         	((-1.821e+01 -3.772e-01 -1.121e+02) (-2.499e-01 3.879e-03 6.248e-02) (0.000e+00 0.000e+00 0.000e+00)) ((-3.768e+01 7.335e+01 8.726e+00) (2.837e-02 3.295e-03 1.111e-01) (0.000e+00 0.000e+00 0.000e+00))
81         	((-1.834e+01 -3.069e-01 -1.124e+02) (-2.508e-01 3.821e-03 6.288e-02) (0.000e+00 0.000e+00 0.000e+00)) ((-3.780e+01 7.354e+01 8.805e+00) (2.860e-02 3.220e-03 1.117e-01) (0.000e+00 0.000e+00 0.000e+00))
82         	((-1.844e+01 -2.177e-01 -1.127e+02) (-2.519e-01 3.752e-03 6.328e-02) (0.000e+00 0.000e+00 0.000e+00)) ((-3.789e+01 7.369e+01 8.880e+00) (2.885e-02 3.141e-03 1.124e-01) (0.000e+00 0.000e+00 0.000e+00))
83         	((-1.850e+01 -1.077e-01 -1.129e+02) (-2.530e-01 3.662e-03 6.367e-02) (0.000e+00 0.000e+00 0.000e+00)) ((-3.795e+01 7.379e+01 8.943e+00) (2.908e-02 3.061e-03 1.131e-01) (0.000e+00 0.000e+00 0.000e+00))
84         	((-1.850e+01 1.647e-02 -1.130e+02) (-2.541e-01 3.553e-03 6.403e-02) (0.000e+00 0.000e+00 0.000e+00)) ((-3.796e+01 7.384e+01 8.987e+00) (2.930e-02 2.989e-03 1.138e-01) (0.000e+00 0.000e+00 0.000e+00))
85         	((-1.846e+01 1.452e-01 -1.129e+02) (-2.553e-01 3.420e-03 6.434e-02) (0.000e+00 0.000e+00 0.000e+00)) ((-3.793e+01 7.383e+01 9.013e+00) (2.949e-02 2.926e-03 1.145e-01) (0.000e+00 0.000e+00 0.000e+00))
86         	((-1.840e+01 2.673e-01 -1.129e+02) (-2.564e-01 3.266e-03 6.461e-02) (0.000e+00 0.000e+00 0.000e+00)) ((-3.788e+01 7.380e+01 9.026e+00) (2.965e-02 2.874e-03 1.151e-01) (0.000e+00 0.000e+00 0.000e+00))
87         	((-1.834e+01 3.769e-01 -1.128e+02) (-2.575e-01 3.097e-03 6.483e-02) (0.000e+00 0.000e+00 0.000e+00)) ((-3.783e+01 7.378e+01 9.031e+00) (2.978e-02 2.829e-03 1.158e-01) (0.000e+00 0.000e+00 0.000e+00))
88         	((-1.830e+01 4.710e-01 -1.127e+02) (-2.585e-01 2.929e-03 6.502e-02) (0.000e+00 0.000e+00 0.000e+00)) ((-3.779e+01 7.377e+01 9.033e+00) (2.989e-02 2.788e-03 1.164e-01) (0.000e+00 0.000e+00 0.000e+00))
89         	((-1.828e+01 5.474e-01 -1.128e+02) (-2.595e-01 2.778e-03 6.521e-02) (0.000e+00 0.000e+00 0.000e+00)) ((-3.776e+01 7.378e+01 9.037e+00) (3.001e-02 2.740e-03 1.170e-01) (0.000e+00 0.000e+00 0.000e+00))
90         	((-1.828e+01 6.070e-01 -1.128e+02) (-2.605e-01 2.656e-03 6.542e-02) (0.000e+00 0.000e+00 0.000e+00)) ((-3.776e+01 7.382e+01 9.042e+00) (3.014e-02 2.682e-03 1.176e-01) (0.000e+00 0.000e+00 0.000e+00))
91         	((-1.830e+01 6.504e-01 -1.129e+02) (-2.614e-01 2.568e-03 6.565e-02) (0.000e+00 0.000e+00 0.000e+00)) ((-3.777e+01 7.388e+01 9.050e+00) (3.029e-02 2.614e-03 1.181e-01) (0.000e+00 0.000e+00 0.000e+00))
92         	((-1.832e+01 6.795e-01 -1.130e+02) (-2.624e-01 2.523e-03 6.593e-02) (0.000e+00 0.000e+00 0.000e+00)) ((-3.779e+01 7.395e+01 9.056e+00) (3.047e-02 2.535e-03 1.187e-01) (0.000e+00 0.000e+00 0.000e+00))
93         	((-1.834e+01 6.938e-01 -1.131e+02) (-2.634e-01 2.530e-03 6.630e-02) (0.000e+00 0.000e+00 0.000e+00)) ((-3.780e+01 7.401e+01 9.055e+00) (3.072e-02 2.435e-03 1.194e-01) (0.000e+00 0.000e+00 0.000e+00))
94         	((-1.834e+01 6.928e-01 -1.132e+02) (-2.646e-01 2.586e-03 6.677e-02) (0.000e+00 0.000e+00 0.000e+00)) ((-3.780e+01 7.405e+01 9.046e+00) (3.104e-02 2.306e-03 1.202e-01) (0.000e+00 0.000e+00 0.000e+00))
95         	((-1.833e+01 6.759e-01 -1.132e+02) (-2.660e-01 2.698e-03 6.739e-02) (0.000e+00 0.000e+00 0.000e+00)) ((-3.778e+01 7.406e+01 9.029e+00) (3.145e-02 2.144e-03 1.211e-01) (0.000e+00 0.000e+00 0.000e+00))
96         	((-1.832e+01 6.439e-01 -1.131e+02) (-2.675e-01 2.864e-03 6.814e-02) (0.000e+00 0.000e+00 0.000e+00)) ((-3.776e+01 7.406e+01 9.010e+00) (3.196e-02 1.947e-03 1.222e-01) (0.000e+00 0.000e+00 0.000e+00))
97         	((-1.831e+01 5.969e-01 -1.131e+02) (-2.691e-01 3.063e-03 6.899e-02) (0.000e+00 0.000e+00 0.000e+00)) ((-3.773e+01 7.404e+01 8.989e+00) (3.253e-02 1.725e-03 1.233e-01) (0.000e+00 0.000e+00 0.000e+00))
98         	((-1.830e+01 5.364e-01 -1.131e+02) (-2.709e-01 3.278e-03 6.990e-02) (0.000e+00 0.000e+00 0.000e+00)) ((-3.771e+01 7.402e+01 8.971e+00) (3.313e-02 1.493e-03 1.245e-01) (0.000e+00 0.000e+00 0.000e+00))
99         	((-1.831e+01 4.669e-01 -1.131e+02) (-2.728e-01 3.481e-03 7.084e-02) (0.000e+00 0.000e+00 0.000e+00)) ((-3.770e+01 7.402e+01 8.958e+00) (3.376e-02 1.260e-03 1.259e-01) (0.000e+00 0.000e+00 0.000e+00))
100        	((-1.834e+01 3.966e-01 -1.131e+02) (-2.747e-01 3.635e-03 7.172e-02) (0.000e+00 0.000e+00 0.000e+00)) ((-3.771e+01 7.403e+01 8.953e+00) (3.434e-02 1.056e-03 1.272e-01) (0.000e+00 0.000e+00 0.000e+00))
101        	((-1.838e+01 3.350e-01 -1.132e+02) (-2.766e-01 3.727e-03 7.249e-02) (0.000e+00 0.000e+00 0.000e+00)) ((-3.774e+01 7.407e+01 8.958e+00) (3.485e-02 8.916e-04 1.284e-01) (0.000e+00 0.000e+00 0.000e+00))
102        	((-1.844e+01 2.919e-01 -1.133e+02) (-2.783e-01 3.756e-03 7.314e-02) (0.000e+00 0.000e+00 0.000e+00)) ((-3.777e+01 7.413e+01 8.974e+00) (3.528e-02 7.651e-04 1.296e-01) (0.000e+00 0.000e+00 0.000e+00))
103        	((-1.850e+01 2.795e-01 -1.134e+02) (-2.800e-01 3.724e-03 7.367e-02) (0.000e+00 0.000e+00 0.000e+00)) ((-3.781e+01 7.420e+01 9.002e+00) (3.563e-02 6.756e-04 1.307e-01) (0.000e+00 0.000e+00 0.000e+00))
104        	((-1.855e+01 3.048e-01 -1.135e+02) (-2.815e-01 3.656e-03 7.411e-02) (0.000e+00 0.000e+00 0.000e+00)) ((-3.785e+01 7.426e+01 9.043e+00) (3.592e-02 6.111e-04 1.316e-01) (0.000e+00 0.000e+00 0.000e+00))
105        	((-1.861e+01 3.673e-01 -1.136e+02) (-2.828e-01 3.574e-03 7.450e-02) (0.000e+00 0.000e+00 0.000e+00)) ((-3.788e+01 7.430e+01 9.094e+00) (3.617e-02 5.598e-04 1.325e-01) (0.000e+00 0.000e+00 0.000e+00))
106        	((-1.864e+01 4.590e-01 -1.137e+02) (-2.841e-01 3.503e-03 7.487e-02) (0.000e+00 0.000e+00 0.000e+00)) ((-3.789e+01 7.433e+01 9.149e+00) (3.641e-02 5.111e-04 1.333e-01) (0.000e+00 0.000e+00 0.000e+00))
107        	((-1.867e+01 5.667e-01 -1.137e+02) (-2.854e-01 3.453e-03 7.527e-02) (0.000e+00 0.000e+00 0.000e+00)) ((-3.789e+01 7.432e+01 9.201e+00) (3.667e-02 4.578e-04 1.342e-01) (0.000e+00 0.000e+00 0.000e+00))
108        	((-1.867e+01 6.732e-01 -1.136e+02) (-2.867e-01 3.433e-03 7.571e-02) (0.000e+00 0.000e+00 0.000e+00)) ((-3.787e+01 7.429e+01 9.243e+00) (3.696e-02 3.927e-04 1.350e-01) (0.000e+00 0.000e+00 0.000e+00))
109        	((-1.866e+01 7.639e-01 -1.135e+02) (-2.880e-01 3.438e-03 7.621e-02) (0.000e+00 0.000e+00 0.000e+00)) ((-3.783e+01 7.424e+01 9.271e+00) (3.727e-02 3.142e-04 1.359e-01) (0.000e+00 0.000e+00 0.000e+00))
110        	((-1.864e+01 8.270e-01 -1.134e+02) (-2.894e-01 3.453e-03 7.675e-02) (0.000e+00 0.000e+00 0.000e+00)) ((-3.778e+01 7.418e+01 9.283e+00) (3.761e-02 2.292e-04 1.368e-01) (0.000e+00 0.000e+00 0.000e+00))
111        	((-1.862e+01 8.576e-01 -1.133e+02) (-2.909e-01 3.473e-03 7.730e-02) (0.000e+00 0.000e+00 0.000e+00)) ((-3.774e+01 7.412e+01 9.281e+00) (3.794e-02 1.436e-04 1.377e-01) (0.000e+00 0.000e+00 0.000e+00))
112        	((-1.859e+01 8.563e-01 -1.132e+02) (-2.924e-01 3.494e-03 7.781e-02) (0.000e+00 0.000e+00 0.000e+00)) ((-3.771e+01 7.406e+01 9.266e+00) (3.825e-02 6.880e-05 1.387e-01) (0.000e+00 0.000e+00 0.000e+00))
113        	((-1.857e+01 8.257e-01 -1.131e+02) (-2.938e-01 3.516e-03 7.829e-02) (0.000e+00 0.000e+00 0.000e+00)) ((-3.768e+01 7.402e+01 9.242e+00) (3.852e-02 6.846e-06 1.396e-01) (0.000e+00 0.000e+00 0.000e+00))
114        	((-1.854e+01 7.795e-01 -1.131e+02) (-2.952e-01 3.539e-03 7.869e-02) (0.000e+00 0.000e+00 0.000e+00)) ((-3.765e+01 7.398e+01 9.211e+00) (3.874e-02 -4.021e-05 1.405e-01) (0.000e+00 0.000e+00 0.000e+00))
115        	((-1.852e+01 7.237e-01 -1.130e+02) (-2.964e-01 3.563e-03 7.902e-02) (0.000e+00 0.000e+00 0.000e+00)) ((-3.763e+01 7.396e+01 9.174e+00) (3.892e-02 -7.252e-05 1.413e-01) (0.000e+00 0.000e+00 0.000e+00))
116        	((-1.849e+01 6.693e-01 -1.130e+02) (-2.975e-01 3.590e-03 7.927e-02) (0.000e+00 0.000e+00 0.000e+00)) ((-3.761e+01 7.394e+01 9.137e+00) (3.905e-02 -8.884e-05 1.420e-01) (0.000e+00 0.000e+00 0.000e+00))
117        	((-1.845e+01 6.238e-01 -1.129e+02) (-2.985e-01 3.621e-03 7.946e-02) (0.000e+00 0.000e+00 0.000e+00)) ((-3.759e+01 7.392e+01 9.101e+00) (3.915e-02 -9.002e-05 1.426e-01) (0.000e+00 0.000e+00 0.000e+00))
118        	((-1.842e+01 5.935e-01 -1.129e+02) (-2.994e-01 3.662e-03 7.959e-02) (0.000e+00 0.000e+00 0.000e+00)) ((-3.758e+01 7.391e+01 9.071e+00) (3.921e-02 -8.046e-05 1.432e-01) (0.000e+00 0.000e+00 0.000e+00))
119        	((-1.840e+01 5.763e-01 -1.129e+02) (-3.002e-01 3.708e-03 7.969e-02) (0.000e+00 0.000e+00 0.000e+00)) ((-3.756e+01 7.391e+01 9.050e+00) (3.927e-02 -6.381e-05 1.438e-01) (0.000e+00 0.000e+00 0.000e+00))
120        	((-1.838e+01 5.696e-01 -1.129e+02) (-3.010e-01 3.764e-03 7.978e-02) (0.000e+00 0.000e+00 0.000e+00)) ((-3.756e+01 7.392e+01 9.036e+00) (3.932e-02 -4.161e-05 1.443e-01) (0.000e+00 0.000e+00 0.000e+00))
121        	((-1.838e+01 5.676e-01 -1.129e+02) (-3.018e-01 3.819e-03 7.987e-02) (0.000e+00 0.000e+00 0.000e+00)) ((-3.756e+01 7.395e+01 9.030e+00) (3.938e-02 -1.637e-05 1.448e-01) (0.000e+00 0.000e+00 0.000e+00))
122        	((-1.838e+01 5.660e-01 -1.130e+02) (-3.025e-01 3.872e-03 7.997e-02) (0.000e+00 0.000e+00 0.000e+00)) ((-3.757e+01 7.398e+01 9.029e+00) (3.945e-02 6.324e-06 1.453e-01) (0.000e+00 0.000e+00 0.000e+00))
123        	((-1.839e+01 5.607e-01 -1.130e+02) (-3.032e-01 3.912e-03 8.008e-02) (0.000e+00 0.000e+00 0.000e+00)) ((-3.759e+01 7.401e+01 9.031e+00) (3.954e-02 2.339e-05 1.457e-01) (0.000e+00 0.000e+00 0.000e+00))
124        	((-1.841e+01 5.498e-01 -1.131e+02) (-3.039e-01 3.942e-03 8.021e-02) (0.000e+00 0.000e+00 0.000e+00)) ((-3.761e+01 7.405e+01 9.035e+00) (3.963e-02 3.115e-05 1.461e-01) (0.000e+00 0.000e+00 0.000e+00))
125        	((-1.844e+01 5.356e-01 -1.132e+02) (-3.045e-01 3.953e-03 8.036e-02) (0.000e+00 0.000e+00 0.000e+00)) ((-3.763e+01 7.408e+01 9.041e+00) (3.973e-02 2.808e-05 1.465e-01) (0.000e+00 0.000e+00 0.000e+00))
126        	((-1.847e+01 5.206e-01 -1.132e+02) (-3.050e-01 3.949e-03 8.052e-02) (0.000e+00 0.000e+00 0.000e+00)) ((-3.765e+01 7.412e+01 9.049e+00) (3.985e-02 1.254e-05 1.469e-01) (0.000e+00 0.000e+00 0.000e+00))
127        	((-1.849e+01 5.092e-01 -1.133e+02) (-3.056e-01 3.923e-03 8.070e-02) (0.000e+00 0.000e+00 0.000e+00)) ((-3.767e+01 7.414e+01 9.059e+00) (3.996e-02 -1.196e-05 1.472e-01) (0.000e+00 0.000e+00 0.000e+00))
128        	((-1.852e+01 5.039e-01 -1.133e+02) (-3.061e-01 3.885e-03 8.088e-02) (0.000e+00 0.000e+00 0.000e+00)) ((-3.768e+01 7.416e+01 9.070e+00) (4.008e-02 -4.530e-05 1.475e-01) (0.000e+00 0.000e+00 0.000e+00))
129        	((-1.854e+01 5.089e-01 -1.134e+02) (-3.065e-01 3.823e-03 8.107e-02) (0.000e+00 0.000e+00 0.000e+00)) ((-3.769e+01 7.417e+01 9.083e+00) (4.020e-02 -8.654e-05 1.478e-01) (0.000e+00 0.000e+00 0.000e+00))
130        	((-1.855e+01 5.256e-01 -1.134e+02) (-3.070e-01 3.755e-03 8.125e-02) (0.000e+00 0.000e+00 0.000e+00)) ((-3.769e+01 7.417e+01 9.096e+00) (4.032e-02 -1.327e-04 1.480e-01) (0.000e+00 0.000e+00 0.000e+00))
131        	((-1.855e+01 5.548e-01 -1.133e+02) (-3.074e-01 3.665e-03 8.143e-02) (0.000e+00 0.000e+00 0.000e+00)) ((-3.768e+01 7.416e+01 9.109e+00) (4.042e-02 -1.788e-04 1.482e-01) (0.000e+00 0.000e+00 0.000e+00))
132        	((-1.854e+01 5.929e-01 -1.133e+02) (-3.077e-01 3.569e-03 8.158e-02) (0.000e+00 0.000e+00 0.000e+00)) ((-3.767e+01 7.414e+01 9.118e+00) (4.050e-02 -2.214e-04 1.484e-01) (0.000e+00 0.000e+00 0.000e+00))
133        	((-1.851e+01 6.357e-01 -1.133e+02) (-3.080e-01 3.469e-03 8.171e-02) (0.000e+00 0.000e+00 0.000e+00)) ((-3.765e+01 7.411e+01 9.123e+00) (4.056e-02 -2.574e-04 1.485e-01) (0.000e+00 0.000e+00 0.000e+00))
134        	((-1.848e+01 6.789e-01 -1.132e+02) (-3.083e-01 3.364e-03 8.179e-02) (0.000e+00 0.000e+00 0.000e+00)) ((-3.763e+01 7.408e+01 9.122e+00) (4.060e-02 -2.850e-04 1.486e-01) (0.000e+00 0.000e+00 0.000e+00))
135        	((-1.844e+01 7.186e-01 -1.132e+02) (-3.085e-01 3.263e-03 8.185e-02) (0.000e+00 0.000e+00 0.000e+00)) ((-3.760e+01 7.405e+01 9.115e+00) (4.062e-02 -3.023e-04 1.487e-01) (0.000e+00 0.000e+00 0.000e+00))
136        	((-1.840e+01 7.519e-01 -1.131e+02) (-3.087e-01 3.169e-03 8.186e-02) (0.000e+00 0.000e+00 0.000e+00)) ((-3.757e+01 7.402e+01 9.101e+00) (4.061e-02 -3.100e-04 1.488e-01) (0.000e+00 0.000e+00 0.000e+00))
137        	((-1.835e+01 7.768e-01 -1.130e+02) (-3.089e-01 3.092e-03 8.186e-02) (0.000e+00 0.000e+00 0.000e+00)) ((-3.754e+01 7.399e+01 9.083e+00) (4.059e-02 -3.117e-04 1.488e-01) (0.000e+00 0.000e+00 0.000e+00))
138        	((-1.830e+01 7.929e-01 -1.130e+02) (-3.090e-01 3.034e-03 8.184e-02) (0.000e+00 0.000e+00 0.000e+00)) ((-3.751e+01 7.396e+01 9.060e+00) (4.057e-02 -3.096e-04 1.489e-01) (0.000e+00 0.000e+00 0.000e+00))
139        	((-1.824e+01 7.995e-01 -1.129e+02) (-3.092e-01 3.001e-03 8.183e-02) (0.000e+00 0.000e+00 0.000e+00)) ((-3.749e+01 7.393e+01 9.035e+00) (4.055e-02 -3.070e-04 1.489e-01) (0.000e+00 0.000e+00 0.000e+00))
140        	((-1.820e+01 7.974e-01 -1.128e+02) (-3.093e-01 2.998e-03 8.183e-02) (0.000e+00 0.000e+00 0.000e+00)) ((-3.746e+01 7.390e+01 9.010e+00) (4.054e-02 -3.098e-04 1.490e-01) (0.000e+00 0.000e+00 0.000e+00))
141        	((-1.816e+01 7.864e-01 -1.128e+02) (-3.096e-01 3.024e-03 8.188e-02) (0.000e+00 0.000e+00 0.000e+00)) ((-3.744e+01 7.387e+01 8.986e+00) (4.056e-02 -3.213e-04 1.491e-01) (0.000e+00 0.000e+00 0.000e+00))
142        	((-1.813e+01 7.700e-01 -1.127e+02) (-3.098e-01 3.073e-03 8.196e-02) (0.000e+00 0.000e+00 0.000e+00)) ((-3.743e+01 7.385e+01 8.965e+00) (4.060e-02 -3.449e-04 1.493e-01) (0.000e+00 0.000e+00 0.000e+00))
143        	((-1.811e+01 7.495e-01 -1.127e+02) (-3.101e-01 3.141e-03 8.209e-02) (0.000e+00 0.000e+00 0.000e+00)) ((-3.742e+01 7.383e+01 8.948e+00) (4.067e-02 -3.799e-04 1.495e-01) (0.000e+00 0.000e+00 0.000e+00))
144        	((-1.810e+01 7.272e-01 -1.127e+02) (-3.105e-01 3.228e-03 8.226e-02) (0.000e+00 0.000e+00 0.000e+00)) ((-3.741e+01 7.382e+01 8.936e+00) (4.077e-02 -4.286e-04 1.497e-01) (0.000e+00 0.000e+00 0.000e+00))
145        	((-1.809e+01 7.065e-01 -1.126e+02) (-3.109e-01 3.314e-03 8.247e-02) (0.000e+00 0.000e+00 0.000e+00)) ((-3.741e+01 7.381e+01 8.929e+00) (4.089e-02 -4.911e-04 1.500e-01) (0.000e+00 0.000e+00 0.000e+00))
146        	((-1.810e+01 6.898e-01 -1.126e+02) (-3.113e-01 3.398e-03 8.272e-02) (0.000e+00 0.000e+00 0.000e+00)) ((-3.741e+01 7.380e+01 8.927e+00) (4.103e-02 -5.647e-04 1.502e-01) (0.000e+00 0.000e+00 0.000e+00))
147        	((-1.811e+01 6.787e-01 -1.126e+02) (-3.117e-01 3.471e-03 8.298e-02) (0.000e+00 0.000e+00 0.000e+00)) ((-3.742e+01 7.380e+01 8.931e+00) (4.119e-02 -6.470e-04 1.505e-01) (0.000e+00 0.000e+00 0.000e+00))
148        	((-1.813e+01 6.739e-01 -1.126e+02) (-3.121e-01 3.529e-03 8.325e-02) (0.000e+00 0.000e+00 0.000e+00)) ((-3.742e+01 7.380e+01 8.940e+00) (4.135e-02 -7.326e-04 1.507e-01) (0.000e+00 0.000e+00 0.000e+00))
149        	((-1.815e+01 6.751e-01 -1.127e+02) (-3.124e-01 3.567e-03 8.350e-02) (0.000e+00 0.000e+00 0.000e+00)) ((-3.743e+01 7.380e+01 8.953e+00) (4.150e-02 -8.172e-04 1.509e-01) (0.000e+00 0.000e+00 0.000e+00))
150        	((-1.818e+01 6.809e-01 -1.127e+02) (-3.128e-01 3.580e-03 8.374e-02) (0.000e+00 0.000e+00 0.000e+00)) ((-3.744e+01 7.381e+01 8.968e+00) (4.164e-02 -8.965e-04 1.511e-01) (0.000e+00 0.000e+00 0.000e+00))
151        	((-1.820e+01 6.902e-01 -1.127e+02) (-3.130e-01 3.572e-03 8.394e-02) (0.000e+00 0.000e+00 0.000e+00)) ((-3.746e+01 7.383e+01 8.986e+00) (4.177e-02 -9.685e-04 1.513e-01) (0.000e+00 0.000e+00 0.000e+00))
152        	((-1.823e+01 7.012e-01 -1.128e+02) (-3.133e-01 3.547e-03 8.412e-02) (0.000e+00 0.000e+00 0.000e+00)) ((-3.748e+01 7.385e+01 9.004e+00) (4.188e-02 -1.033e-03 1.514e-01) (0.000e+00 0.000e+00 0.000e+00))
153        	((-1.826e+01 7.132e-01 -1.128e+02) (-3.135e-01 3.512e-03 8.428e-02) (0.000e+00 0.000e+00 0.000e+00)) ((-3.750e+01 7.388e+01 9.021e+00) (4.198e-02 -1.089e-03 1.516e-01) (0.000e+00 0.000e+00 0.000e+00))
154        	((-1.829e+01 7.245e-01 -1.129e+02) (-3.138e-01 3.476e-03 8.442e-02) (0.000e+00 0.000e+00 0.000e+00)) ((-3.752e+01 7.391e+01 9.035e+00) (4.207e-02 -1.141e-03 1.517e-01) (0.000e+00 0.000e+00 0.000e+00))
155        	((-1.830e+01 7.355e-01 -1.129e+02) (-3.140e-01 3.439e-03 8.457e-02) (0.000e+00 0.000e+00 0.000e+00)) ((-3.754e+01 7.394e+01 9.047e+00) (4.216e-02 -1.188e-03 1.518e-01) (0.000e+00 0.000e+00 0.000e+00))
156        	((-1.832e+01 7.445e-01 -1.130e+02) (-3.143e-01 3.416e-03 8.471e-02) (0.000e+00 0.000e+00 0.000e+00)) ((-3.755e+01 7.397e+01 9.054e+00) (4.225e-02 -1.234e-03 1.519e-01) (0.000e+00 0.000e+00 0.000e+00))
157        	((-1.832e+01 7.525e-01 -1.130e+02) (-3.146e-01 3.398e-03 8.488e-02) (0.000e+00 0.000e+00 0.000e+00)) ((-3.756e+01 7.399e+01 9.058e+00) (4.234e-02 -1.280e-03 1.521e-01) (0.000e+00 0.000e+00 0.000e+00))
158        	((-1.832e+01 7.570e-01 -1.130e+02) (-3.149e-01 3.402e-03 8.506e-02) (0.000e+00 0.000e+00 0.000e+00)) ((-3.757e+01 7.400e+01 9.058e+00) (4.245e-02 -1.330e-03 1.523e-01) (0.000e+00 0.000e+00 0.000e+00))
159        	((-1.832e+01 7.605e-01 -1.130e+02) (-3.153e-01 3.409e-03 8.526e-02) (0.000e+00 0.000e+00 0.000e+00)) ((-3.757e+01 7.400e+01 9.053e+00) (4.257e-02 -1.385e-03 1.525e-01) (0.000e+00 0.000e+00 0.000e+00))
160        	((-1.830e+01 7.596e-01 -1.130e+02) (-3.157e-01 3.431e-03 8.549e-02) (0.000e+00 0.000e+00 0.000e+00)) ((-3.756e+01 7.400e+01 9.045e+00) (4.270e-02 -1.443e-03 1.527e-01) (0.000e+00 0.000e+00 0.000e+00))
161        	((-1.828e+01 7.574e-01 -1.130e+02) (-3.161e-01 3.454e-03 8.572e-02) (0.000e+00 0.000e+00 0.000e+00)) ((-3.754e+01 7.398e+01 9.034e+00) (4.283e-02 -1.504e-03 1.530e-01) (0.000e+00 0.000e+00 0.000e+00))
162        	((-1.826e+01 7.510e-01 -1.129e+02) (-3.165e-01 3.482e-03 8.595e-02) (0.000e+00 0.000e+00 0.000e+00)) ((-3.751e+01 7.395e+01 9.021e+00) (4.296e-02 -1.565e-03 1.532e-01) (0.000e+00 0.000e+00 0.000e+00))
163        	((-1.824e+01 7.431e-01 -1.128e+02) (-3.168e-01 3.506e-03 8.615e-02) (0.000e+00 0.000e+00 0.000e+00)) ((-3.749e+01 7.391e+01 9.006e+00) (4.307e-02 -1.621e-03 1.535e-01) (0.000e+00 0.000e+00 0.000e+00))
164        	((-1.821e+01 7.316e-01 -1.128e+02) (-3.172e-01 3.525e-03 8.632e-02) (0.000e+00 0.000e+00 0.000e+00)) ((-3.746e+01 7.387e+01 8.990e+00) (4.316e-02 -1.671e-03 1.537e-01) (0.000e+00 0.000e+00 0.000e+00))
165        	((-1.819e+01 7.201e-01 -1.127e+02) (-3.175e-01 3.538e-03 8.646e-02) (0.000e+00 0.000e+00 0.000e+00)) ((-3.743e+01 7.383e+01 8.974e+00) (4.323e-02 -1.711e-03 1.538e-01) (0.000e+00 0.000e+00 0.000e+00))
166        	((-1.817e+01 7.075e-01 -1.126e+02) (-3.177e-01 3.545e-03 8.655e-02) (0.000e+00 0.000e+00 0.000e+00)) ((-3.740e+01 7.380e+01 8.959e+00) (4.328e-02 -1.742e-03 1.540e-01) (0.000e+00 0.000e+00 0.000e+00))
167        	((-1.815e+01 6.980e-01 -1.126e+02) (-3.178e-01 3.546e-03 8.659e-02) (0.000e+00 0.000e+00 0.000e+00)) ((-3.737e+01 7.376e+01 8.945e+00) (4.330e-02 -1.764e-03 1.541e-01) (0.000e+00 0.000e+00 0.000e+00))
168        	((-1.813e+01 6.905e-01 -1.125e+02) (-3.179e-01 3.550e-03 8.661e-02) (0.000e+00 0.000e+00 0.000e+00)) ((-3.735e+01 7.373e+01 8.933e+00) (4.331e-02 -1.778e-03 1.541e-01) (0.000e+00 0.000e+00 0.000e+00))
169        	((-1.811e+01 6.884e-01 -1.125e+02) (-3.179e-01 3.556e-03 8.660e-02) (0.000e+00 0.000e+00 0.000e+00)) ((-3.732e+01 7.369e+01 8.924e+00) (4.331e-02 -1.788e-03 1.541e-01) (0.000e+00 0.000e+00 0.000e+00))
170        	((-1.810e+01 6.892e-01 -1.124e+02) (-3.179e-01 3.570e-03 8.660e-02) (0.000e+00 0.000e+00 0.000e+00)) ((-3.730e+01 7.367e+01 8.919e+00) (4.331e-02 -1.796e-03 1.541e-01) (0.000e+00 0.000e+00 0.000e+00))
171        	((-1.809e+01 6.946e-01 -1.124e+02) (-3.179e-01 3.584e-03 8.661e-02) (0.000e+00 0.000e+00 0.000e+00)) ((-3.729e+01 7.364e+01 8.917e+00) (4.333e-02 -1.804e-03 1.542e-01) (0.000e+00 0.000e+00 0.000e+00))
172        	((-1.809e+01 7.003e-01 -1.123e+02) (-3.180e-01 3.605e-03 8.665e-02) (0.000e+00 0.000e+00 0.000e+00)) ((-3.727e+01 7.362e+01 8.917e+00) (4.336e-02 -1.816e-03 1.542e-01) (0.000e+00 0.000e+00 0.000e+00))
173        	((-1.809e+01 7.082e-01 -1.123e+02) (-3.180e-01 3.620e-03 8.671e-02) (0.000e+00 0.000e+00 0.000e+00)) ((-3.726e+01 7.360e+01 8.921e+00) (4.341e-02 -1.833e-03 1.543e-01) (0.000e+00 0.000e+00 0.000e+00))
174        	((-1.809e+01 7.136e-01 -1.123e+02) (-3.182e-01 3.635e-03 8.681e-02) (0.000e+00 0.000e+00 0.000e+00)) ((-3.725e+01 7.358e+01 8.927e+00) (4.347e-02 -1.855e-03 1.544e-01) (0.000e+00 0.000e+00 0.000e+00))
175        	((-1.810e+01 7.198e-01 -1.123e+02) (-3.184e-01 3.642e-03 8.694e-02) (0.000e+00 0.000e+00 0.000e+00)) ((-3.724e+01 7.356e+01 8.934e+00) (4.356e-02 -1.884e-03 1.545e-01) (0.000e+00 0.000e+00 0.000e+00))
176        	((-1.811e+01 7.235e-01 -1.122e+02) (-3.186e-01 3.640e-03 8.709e-02) (0.000e+00 0.000e+00 0.000e+00)) ((-3.723e+01 7.353e+01 8.942e+00) (4.366e-02 -1.918e-03 1.546e-01) (0.000e+00 0.000e+00 0.000e+00))
177        	((-1.812e+01 7.284e-01 -1.122e+02) (-3.188e-01 3.630e-03 8.725e-02) (0.000e+00 0.000e+00 0.000e+00)) ((-3.721e+01 7.350e+01 8.950e+00) (4.376e-02 -1.954e-03 1.548e-01) (0.000e+00 0.000e+00 0.000e+00))
178        	((-1.813e+01 7.321e-01 -1.121e+02) (-3.191e-01 3.612e-03 8.742e-02) (0.000e+00 0.000e+00 0.000e+00)) ((-3.719e+01 7.347e+01 8.957e+00) (4.386e-02 -1.989e-03 1.549e-01) (0.000e+00 0.000e+00 0.000e+00))
179        	((-1.813e+01 7.385e-01 -1.121e+02) (-3.193e-01 3.581e-03 8.756e-02) (0.000e+00 0.000e+00 0.000e+00)) ((-3.717e+01 7.344e+01 8.962e+00) (4.394e-02 -2.019e-03 1.551e-01) (0.000e+00 0.000e+00 0.000e+00))
180        	((-1.813e+01 7.450e-01 -1.120e+02) (-3.196e-01 3.552e-03 8.768e-02) (0.000e+00 0.000e+00 0.000e+00)) ((-3.714e+01 7.339e+01 8.964e+00) (4.401e-02 -2.043e-03 1.552e-01) (0.000e+00 0.000e+00 0.000e+00))
181        	((-1.812e+01 7.546e-01 -1.120e+02) (-3.198e-01 3.516e-03 8.777e-02) (0.000e+00 0.000e+00 0.000e+00)) ((-3.711e+01 7.335e+01 8.962e+00) (4.406e-02 -2.061e-03 1.553e-01) (0.000e+00 0.000e+00 0.000e+00))
182        	((-1.811e+01 7.638e-01 -1.119e+02) (-3.200e-01 3.487e-03 8.783e-02) (0.000e+00 0.000e+00 0.000e+00)) ((-3.707e+01 7.329e+01 8.957e+00) (4.408e-02 -2.068e-03 1.554e-01) (0.000e+00 0.000e+00 0.000e+00))
183        	((-1.808e+01 7.747e-01 -1.118e+02) (-3.201e-01 3.461e-03 8.786e-02) (0.000e+00 0.000e+00 0.000e+00)) ((-3.703e+01 7.324e+01 8.948e+00) (4.409e-02 -2.067e-03 1.555e-01) (0.000e+00 0.000e+00 0.000e+00))
184        	((-1.806e+01 7.829e-01 -1.117e+02) (-3.203e-01 3.449e-03 8.786e-02) (0.000e+00 0.000e+00 0.000e+00)) ((-3.699e+01 7.319e+01 8.935e+00) (4.408e-02 -2.056e-03 1.555e-01) (0.000e+00 0.000e+00 0.000e+00))
185        	((-1.803e+01 7.906e-01 -1.116e+02) (-3.204e-01 3.445e-03 8.784e-02) (0.000e+00 0.000e+00 0.000e+00)) ((-3.695e+01 7.314e+01 8.920e+00) (4.405e-02 -2.038e-03 1.556e-01) (0.000e+00 0.000e+00 0.000e+00))
186        	((-1.799e+01 7.935e-01 -1.115e+02) (-3.205e-01 3.458e-03 8.781e-02) (0.000e+00 0.000e+00 0.000e+00)) ((-3.692e+01 7.310e+01 8.903e+00) (4.402e-02 -2.013e-03 1.557e-01) (0.000e+00 0.000e+00 0.000e+00))
187        	((-1.796e+01 7.943e-01 -1.115e+02) (-3.207e-01 3.477e-03 8.776e-02) (0.000e+00 0.000e+00 0.000e+00)) ((-3.689e+01 7.306e+01 8.886e+00) (4.398e-02 -1.982e-03 1.557e-01) (0.000e+00 0.000e+00 0.000e+00))
188        	((-1.794e+01 7.895e-01 -1.114e+02) (-3.208e-01 3.509e-03 8.770e-02) (0.000e+00 0.000e+00 0.000e+00)) ((-3.687e+01 7.303e+01 8.869e+00) (4.394e-02 -1.947e-03 1.558e-01) (0.000e+00 0.000e+00 0.000e+00))
189        	((-1.791e+01 7.830e-01 -1.114e+02) (-3.210e-01 3.545e-03 8.765e-02) (0.000e+00 0.000e+00 0.000e+00)) ((-3.685e+01 7.300e+01 8.853e+00) (4.390e-02 -1.909e-03 1.559e-01) (0.000e+00 0.000e+00 0.000e+00))
190        	((-1.790e+01 7.723e-01 -1.113e+02) (-3.211e-01 3.588e-03 8.759e-02) (0.000e+00 0.000e+00 0.000e+00)) ((-3.684e+01 7.299e+01 8.839e+00) (4.386e-02 -1.870e-03 1.560e-01) (0.000e+00 0.000e+00 0.000e+00))
191        	((-1.788e+01 7.628e-01 -1.113e+02) (-3.213e-01 3.624e-03 8.754e-02) (0.000e+00 0.000e+00 0.000e+00)) ((-3.684e+01 7.297e+01 8.828e+00) (4.383e-02 -1.829e-03 1.560e-01) (0.000e+00 0.000e+00 0.000e+00))
192        	((-1.787e+01 7.527e-01 -1.113e+02) (-3.214e-01 3.662e-03 8.748e-02) (0.000e+00 0.000e+00 0.000e+00)) ((-3.684e+01 7.296e+01 8.819e+00) (4.379e-02 -1.789e-03 1.561e-01) (0.000e+00 0.000e+00 0.000e+00))
193        	((-1.786e+01 7.474e-01 -1.113e+02) (-3.215e-01 3.688e-03 8.743e-02) (0.000e+00 0.000e+00 0.000e+00)) ((-3.683e+01 7.294e+01 8.814e+00) (4.375e-02 -1.750e-03 1.562e-01) (0.000e+00 0.000e+00 0.000e+00))
194        	((-1.784e+01 7.456e-01 -1.112e+02) (-3.216e-01 3.707e-03 8.737e-02) (0.000e+00 0.000e+00 0.000e+00)) ((-3.683e+01 7.293e+01 8.812e+00) (4.370e-02 -1.712e-03 1.562e-01) (0.000e+00 0.000e+00 0.000e+00))
195        	((-1.783e+01 7.505e-01 -1.112e+02) (-3.217e-01 3.717e-03 8.731e-02) (0.000e+00 0.000e+00 0.000e+00)) ((-3.683e+01 7.291e+01 8.813e+00) (4.366e-02 -1.674e-03 1.562e-01) (0.000e+00 0.000e+00 0.000e+00))
196        	((-1.783e+01 7.605e-01 -1.112e+02) (-3.218e-01 3.714e-03 8.725e-02) (0.000e+00 0.000e+00 0.000e+00)) ((-3.682e+01 7.289e+01 8.818e+00) (4.361e-02 -1.640e-03 1.562e-01) (0.000e+00 0.000e+00 0.000e+00))
197        	((-1.782e+01 7.778e-01 -1.111e+02) (-3.218e-01 3.697e-03 8.719e-02) (0.000e+00 0.000e+00 0.000e+00)) ((-3.682e+01 7.286e+01 8.827e+00) (4.356e-02 -1.606e-03 1.562e-01) (0.000e+00 0.000e+00 0.000e+00))
198        	((-1.782e+01 7.990e-01 -1.111e+02) (-3.218e-01 3.671e-03 8.714e-02) (0.000e+00 0.000e+00 0.000e+00)) ((-3.681e+01 7.284e+01 8.839e+00) (4.352e-02 -1.575e-03 1.562e-01) (0.000e+00 0.000e+00 0.000e+00))
199        	((-1.782e+01 8.259e-01 -1.111e+02) (-3.218e-01 3.634e-03 8.709e-02) (0.000e+00 0.000e+00 0.000e+00)) ((-3.681e+01 7.282e+01 8.854e+00) (4.347e-02 -1.545e-03 1.561e-01) (0.000e+00 0.000e+00 0.000e+00))
200        	((-1.782e+01 8.539e-01 -1.111e+02) (-3.218e-01 3.592e-03 8.706e-02) (0.000e+00 0.000e+00 0.000e+00)) ((-3.681e+01 7.281e+01 8.870e+00) (4.343e-02 -1.517e-03 1.561e-01) (0.000e+00 0.000e+00 0.000e+00))
201        	((-1.783e+01 8.840e-01 -1.111e+02) (-3.219e-01 3.546e-03 8.703e-02) (0.000e+00 0.000e+00 0.000e+00)) ((-3.682e+01 7.281e+01 8.888e+00) (4.340e-02 -1.490e-03 1.561e-01) (0.000e+00 0.000e+00 0.000e+00))
202        	((-1.783e+01 9.113e-01 -1.111e+02) (-3.219e-01 3.499e-03 8.702e-02) (0.000e+00 0.000e+00 0.000e+00)) ((-3.683e+01 7.281e+01 8.905e+00) (4.338e-02 -1.467e-03 1.561e-01) (0.000e+00 0.000e+00 0.000e+00))
203        	((-1.784e+01 9.369e-01 -1.111e+02) (-3.221e-01 3.455e-03 8.703e-02) (0.000e+00 0.000e+00 0.000e+00)) ((-3.683e+01 7.282e+01 8.920e+00) (4.337e-02 -1.449e-03 1.561e-01) (0.000e+00 0.000e+00 0.000e+00))
204        	((-1.785e+01 9.563e-01 -1.111e+02) (-3.222e-01 3.416e-03 8.706e-02) (0.000e+00 0.000e+00 0.000e+00)) ((-3.684e+01 7.283e+01 8.933e+00) (4.337e-02 -1.436e-03 1.562e-01) (0.000e+00 0.000e+00 0.000e+00))
205        	((-1.786e+01 9.719e-01 -1.111e+02) (-3.224e-01 3.380e-03 8.712e-02) (0.000e+00 0.000e+00 0.000e+00)) ((-3.685e+01 7.284e+01 8.943e+00) (4.339e-02 -1.430e-03 1.563e-01) (0.000e+00 0.000e+00 0.000e+00))
206        	((-1.787e+01 9.810e-01 -1.111e+02) (-3.227e-01 3.351e-03 8.720e-02) (0.000e+00 0.000e+00 0.000e+00)) ((-3.686e+01 7.285e+01 8.948e+00) (4.342e-02 -1.432e-03 1.564e-01) (0.000e+00 0.000e+00 0.000e+00))
207        	((-1.786e+01 9.875e-01 -1.111e+02) (-3.230e-01 3.327e-03 8.731e-02) (0.000e+00 0.000e+00 0.000e+00)) ((-3.686e+01 7.285e+01 8.950e+00) (4.347e-02 -1.441e-03 1.566e-01) (0.000e+00 0.000e+00 0.000e+00))
208        	((-1.786e+01 9.899e-01 -1.111e+02) (-3.233e-01 3.310e-03 8.743e-02) (0.000e+00 0.000e+00 0.000e+00)) ((-3.685e+01 7.285e+01 8.947e+00) (4.353e-02 -1.457e-03 1.567e-01) (0.000e+00 0.000e+00 0.000e+00))
209        	((-1.785e+01 9.921e-01 -1.111e+02) (-3.236e-01 3.296e-03 8.757e-02) (0.000e+00 0.000e+00 0.000e+00)) ((-3.684e+01 7.283e+01 8.941e+00) (4.360e-02 -1.482e-03 1.569e-01) (0.000e+00 0.000e+00 0.000e+00))
210        	((-1.783e+01 9.916e-01 -1.110e+02) (-3.239e-01 3.289e-03 8.772e-02) (0.000e+00 0.000e+00 0.000e+00)) ((-3.682e+01 7.281e+01 8.932e+00) (4.367e-02 -1.512e-03 1.571e-01) (0.000e+00 0.000e+00 0.000e+00))
211        	((-1.780e+01 9.928e-01 -1.110e+02) (-3.242e-01 3.283e-03 8.787e-02) (0.000e+00 0.000e+00 0.000e+00)) ((-3.679e+01 7.278e+01 8.922e+00) (4.375e-02 -1.548e-03 1.572e-01) (0.000e+00 0.000e+00 0.000e+00))
212        	((-1.778e+01 9.930e-01 -1.109e+02) (-3.245e-01 3.281e-03 8.802e-02) (0.000e+00 0.000e+00 0.000e+00)) ((-3.677e+01 7.275e+01 8.911e+00) (4.382e-02 -1.585e-03 1.574e-01) (0.000e+00 0.000e+00 0.000e+00))
213        	((-1.776e+01 9.952e-01 -1.109e+02) (-3.248e-01 3.278e-03 8.816e-02) (0.000e+00 0.000e+00 0.000e+00)) ((-3.674e+01 7.271e+01 8.901e+00) (4.389e-02 -1.625e-03 1.575e-01) (0.000e+00 0.000e+00 0.000e+00))
214        	((-1.774e+01 9.953e-01 -1.108e+02) (-3.250e-01 3.281e-03 8.829e-02) (0.000e+00 0.000e+00 0.000e+00)) ((-3.672e+01 7.268e+01 8.892e+00) (4.394e-02 -1.665e-03 1.576e-01) (0.000e+00 0.000e+00 0.000e+00))
215        	((-1.772e+01 9.962e-01 -1.108e+02) (-3.251e-01 3.283e-03 8.840e-02) (0.000e+00 0.000e+00 0.000e+00)) ((-3.670e+01 7.265e+01 8.885e+00) (4.399e-02 -1.705e-03 1.577e-01) (0.000e+00 0.000e+00 0.000e+00))
216        	((-1.771e+01 9.934e-01 -1.107e+02) (-3.253e-01 3.293e-03 8.850e-02) (0.000e+00 0.000e+00 0.000e+00)) ((-3.669e+01 7.263e+01 8.881e+00) (4.404e-02 -1.745e-03 1.578e-01) (0.000e+00 0.000e+00 0.000e+00))
217        	((-1.771e+01 9.905e-01 -1.107e+02) (-3.253e-01 3.301e-03 8.859e-02) (0.000e+00 0.000e+00 0.000e+00)) ((-3.669e+01 7.262e+01 8.880e+00) (4.408e-02 -1.785e-03 1.578e-01) (0.000e+00 0.000e+00 0.000e+00))
218        	((-1.772e+01 9.835e-01 -1.107e+02) (-3.254e-01 3.316e-03 8.868e-02) (0.000e+00 0.000e+00 0.000e+00)) ((-3.669e+01 7.263e+01 8.882e+00) (4.412e-02 -1.828e-03 1.578e-01) (0.000e+00 0.000e+00 0.000e+00))
219        	((-1.774e+01 9.759e-01 -1.108e+02) (-3.255e-01 3.329e-03 8.879e-02) (0.000e+00 0.000e+00 0.000e+00)) ((-3.671e+01 7.264e+01 8.887e+00) (4.416e-02 -1.876e-03 1.579e-01) (0.000e+00 0.000e+00 0.000e+00))
220        	((-1.777e+01 9.647e-01 -1.108e+02) (-3.256e-01 3.347e-03 8.891e-02) (0.000e+00 0.000e+00 0.000e+00)) ((-3.673e+01 7.267e+01 8.895e+00) (4.421e-02 -1.928e-03 1.579e-01) (0.000e+00 0.000e+00 0.000e+00))
221        	((-1.780e+01 9.541e-01 -1.109e+02) (-3.257e-01 3.358e-03 8.905e-02) (0.000e+00 0.000e+00 0.000e+00)) ((-3.676e+01 7.269e+01 8.905e+00) (4.428e-02 -1.990e-03 1.579e-01) (0.000e+00 0.000e+00 0.000e+00))
222        	((-1.783e+01 9.411e-01 -1.109e+02) (-3.258e-01 3.371e-03 8.923e-02) (0.000e+00 0.000e+00 0.000e+00)) ((-3.678e+01 7.272e+01 8.916e+00) (4.436e-02 -2.060e-03 1.580e-01) (0.000e+00 0.000e+00 0.000e+00))
223        	((-1.787e+01 9.303e-01 -1.110e+02) (-3.260e-01 3.376e-03 8.944e-02) (0.000e+00 0.000e+00 0.000e+00)) ((-3.681e+01 7.275e+01 8.928e+00) (4.446e-02 -2.140e-03 1.581e-01) (0.000e+00 0.000e+00 0.000e+00))
224        	((-1.790e+01 9.185e-01 -1.110e+02) (-3.262e-01 3.378e-03 8.968e-02) (0.000e+00 0.000e+00 0.000e+00)) ((-3.683e+01 7.278e+01 8.939e+00) (4.457e-02 -2.228e-03 1.582e-01) (0.000e+00 0.000e+00 0.000e+00))
225        	((-1.793e+01 9.098e-01 -1.111e+02) (-3.265e-01 3.371e-03 8.994e-02) (0.000e+00 0.000e+00 0.000e+00)) ((-3.685e+01 7.279e+01 8.950e+00) (4.469e-02 -2.324e-03 1.583e-01) (0.000e+00 0.000e+00 0.000e+00))
226        	((-1.795e+01 9.004e-01 -1.111e+02) (-3.267e-01 3.363e-03 9.021e-02) (0.000e+00 0.000e+00 0.000e+00)) ((-3.686e+01 7.280e+01 8.958e+00) (4.482e-02 -2.424e-03 1.585e-01) (0.000e+00 0.000e+00 0.000e+00))
227        	((-1.797e+01 8.940e-01 -1.111e+02) (-3.270e-01 3.345e-03 9.048e-02) (0.000e+00 0.000e+00 0.000e+00)) ((-3.686e+01 7.281e+01 8.963e+00) (4.495e-02 -2.528e-03 1.586e-01) (0.000e+00 0.000e+00 0.000e+00))
228        	((-1.798e+01 8.866e-01 -1.111e+02) (-3.273e-01 3.326e-03 9.074e-02) (0.000e+00 0.000e+00 0.000e+00)) ((-3.686e+01 7.281e+01 8.965e+00) (4.507e-02 -2.631e-03 1.587e-01) (0.000e+00 0.000e+00 0.000e+00))
229        	((-1.798e+01 8.823e-01 -1.111e+02) (-3.275e-01 3.300e-03 9.099e-02) (0.000e+00 0.000e+00 0.000e+00)) ((-3.685e+01 7.281e+01 8.964e+00) (4.518e-02 -2.733e-03 1.588e-01) (0.000e+00 0.000e+00 0.000e+00))
230        	((-1.798e+01 8.771e-01 -1.111e+02) (-3.277e-01 3.278e-03 9.122e-02) (0.000e+00 0.000e+00 0.000e+00)) ((-3.685e+01 7.280e+01 8.958e+00) (4.528e-02 -2.830e-03 1.589e-01) (0.000e+00 0.000e+00 0.000e+00))
231        	((-1.797e+01 8.749e-01 -1.111e+02) (-3.278e-01 3.256e-03 9.143e-02) (0.000e+00 0.000e+00 0.000e+00)) ((-3.683e+01 7.279e+01 8.950e+00) (4.537e-02 -2.924e-03 1.590e-01) (0.000e+00 0.000e+00 0.000e+00))
232        	((-1.795e+01 8.711e-01 -1.111e+02) (-3.280e-01 3.242e-03 9.162e-02) (0.000e+00 0.000e+00 0.000e+00)) ((-3.682e+01 7.278e+01 8.938e+00) (4.545e-02 -3.013e-03 1.590e-01) (0.000e+00 0.000e+00 0.000e+00))
233        	((-1.793e+01 8.693e-01 -1.110e+02) (-3.281e-01 3.235e-03 9.179e-02) (0.000e+00 0.000e+00 0.000e+00)) ((-3.681e+01 7.277e+01 8.925e+00) (4.551e-02 -3.098e-03 1.591e-01) (0.000e+00 0.000e+00 0.000e+00))
234        	((-1.790e+01 8.647e-01 -1.110e+02) (-3.283e-01 3.242e-03 9.195e-02) (0.000e+00 0.000e+00 0.000e+00)) ((-3.679e+01 7.276e+01 8.910e+00) (4.558e-02 -3.178e-03 1.591e-01) (0.000e+00 0.000e+00 0.000e+00))
235        	((-1.788e+01 8.612e-01 -1.110e+02) (-3.284e-01 3.254e-03 9.210e-02) (0.000e+00 0.000e+00 0.000e+00)) ((-3.678e+01 7.274e+01 8.896e+00) (4.563e-02 -3.254e-03 1.591e-01) (0.000e+00 0.000e+00 0.000e+00))
236        	((-1.785e+01 8.540e-01 -1.110e+02) (-3.285e-01 3.277e-03 9.225e-02) (0.000e+00 0.000e+00 0.000e+00)) ((-3.677e+01 7.273e+01 8.881e+00) (4.569e-02 -3.328e-03 1.592e-01) (0.000e+00 0.000e+00 0.000e+00))
237        	((-1.783e+01 8.480e-01 -1.109e+02) (-3.286e-01 3.302e-03 9.240e-02) (0.000e+00 0.000e+00 0.000e+00)) ((-3.676e+01 7.272e+01 8.867e+00) (4.575e-02 -3.402e-03 1.592e-01) (0.000e+00 0.000e+00 0.000e+00))
238        	((-1.781e+01 8.391e-01 -1.109e+02) (-3.287e-01 3.334e-03 9.256e-02) (0.000e+00 0.000e+00 0.000e+00)) ((-3.675e+01 7.271e+01 8.855e+00) (4.582e-02 -3.477e-03 1.593e-01) (0.000e+00 0.000e+00 0.000e+00))
239        	((-1.779e+01 8.326e-01 -1.109e+02) (-3.288e-01 3.359e-03 9.273e-02) (0.000e+00 0.000e+00 0.000e+00)) ((-3.674e+01 7.269e+01 8.846e+00) (4.589e-02 -3.555e-03 1.593e-01) (0.000e+00 0.000e+00 0.000e+00))
240        	((-1.777e+01 8.247e-01 -1.108e+02) (-3.289e-01 3.384e-03 9.292e-02) (0.000e+00 0.000e+00 0.000e+00)) ((-3.673e+01 7.268e+01 8.839e+00) (4.597e-02 -3.637e-03 1.594e-01) (0.000e+00 0.000e+00 0.000e+00))
241        	((-1.776e+01 8.206e-01 -1.108e+02) (-3.290e-01 3.398e-03 9.310e-02) (0.000e+00 0.000e+00 0.000e+00)) ((-3.672e+01 7.266e+01 8.835e+00) (4.606e-02 -3.721e-03 1.594e-01) (0.000e+00 0.000e+00 0.000e+00))
242        	((-1.776e+01 8.161e-01 -1.108e+02) (-3.291e-01 3.405e-03 9.329e-02) (0.000e+00 0.000e+00 0.000e+00)) ((-3.671e+01 7.264e+01 8.834e+00) (4.614e-02 -3.807e-03 1.594e-01) (0.000e+00 0.000e+00 0.000e+00))
243        	((-1.776e+01 8.162e-01 -1.108e+02) (-3.291e-01 3.401e-03 9.348e-02) (0.000e+00 0.000e+00 0.000e+00)) ((-3.671e+01 7.262e+01 8.837e+00) (4.622e-02 -3.893e-03 1.595e-01) (0.000e+00 0.000e+00 0.000e+00))
244        	((-1.776e+01 8.166e-01 -1.107e+02) (-3.292e-01 3.386e-03 9.367e-02) (0.000e+00 0.000e+00 0.000e+00)) ((-3.670e+01 7.261e+01 8.842e+00) (4.631e-02 -3.979e-03 1.595e-01) (0.000e+00 0.000e+00 0.000e+00))
245        	((-1.777e+01 8.222e-01 -1.107e+02) (-3.293e-01 3.360e-03 9.385e-02) (0.000e+00 0.000e+00 0.000e+00)) ((-3.669e+01 7.259e+01 8.849e+00) (4.638e-02 -4.064e-03 1.595e-01) (0.000e+00 0.000e+00 0.000e+00))
246        	((-1.778e+01 8.281e-01 -1.107e+02) (-3.294e-01 3.327e-03 9.404e-02) (0.000e+00 0.000e+00 0.000e+00)) ((-3.669e+01 7.258e+01 8.856e+00) (4.646e-02 -4.150e-03 1.595e-01) (0.000e+00 0.000e+00 0.000e+00))
247        	((-1.778e+01 8.393e-01 -1.107e+02) (-3.294e-01 3.287e-03 9.423e-02) (0.000e+00 0.000e+00 0.000e+00)) ((-3.668e+01 7.257e+01 8.863e+00) (4.654e-02 -4.236e-03 1.595e-01) (0.000e+00 0.000e+00 0.000e+00))
248        	((-1.779e+01 8.504e-01 -1.107e+02) (-3.295e-01 3.248e-03 9.442e-02) (0.000e+00 0.000e+00 0.000e+00)) ((-3.668e+01 7.256e+01 8.870e+00) (4.662e-02 -4.323e-03 1.595e-01) (0.000e+00 0.000e+00 0.000e+00))
249        	((-1.779e+01 8.662e-01 -1.107e+02) (-3.296e-01 3.206e-03 9.463e-02) (0.000e+00 0.000e+00 0.000e+00)) ((-3.667e+01 7.255e+01 8.876e+00) (4.670e-02 -4.410e-03 1.595e-01) (0.000e+00 0.000e+00 0.000e+00))
250        	((-1.779e+01 8.812e-01 -1.107e+02) (-3.298e-01 3.170e-03 9.485e-02) (0.000e+00 0.000e+00 0.000e+00)) ((-3.666e+01 7.254e+01 8.881e+00) (4.680e-02 -4.499e-03 1.596e-01) (0.000e+00 0.000e+00 0.000e+00))
251        	((-1.779e+01 8.993e-01 -1.106e+02) (-3.299e-01 3.136e-03 9.508e-02) (0.000e+00 0.000e+00 0.000e+00)) ((-3.665e+01 7.253e+01 8.884e+00) (4.690e-02 -4.591e-03 1.596e-01) (0.000e+00 0.000e+00 0.000e+00))
252        	((-1.778e+01 9.126e-01 -1.106e+02) (-3.301e-01 3.111e-03 9.533e-02) (0.000e+00 0.000e+00 0.000e+00)) ((-3.664e+01 7.252e+01 8.885e+00) (4.701e-02 -4.686e-03 1.597e-01) (0.000e+00 0.000e+00 0.000e+00))
253        	((-1.777e+01 9.273e-01 -1.106e+02) (-3.303e-01 3.089e-03 9.560e-02) (0.000e+00 0.000e+00 0.000e+00)) ((-3.663e+01 7.251e+01 8.885e+00) (4.713e-02 -4.786e-03 1.598e-01) (0.000e+00 0.000e+00 0.000e+00))
254        	((-1.776e+01 9.367e-01 -1.106e+02) (-3.306e-01 3.073e-03 9.588e-02) (0.000e+00 0.000e+00 0.000e+00)) ((-3.662e+01 7.250e+01 8.882e+00) (4.726e-02 -4.889e-03 1.599e-01) (0.000e+00 0.000e+00 0.000e+00))
255        	((-1.775e+01 9.450e-01 -1.106e+02) (-3.308e-01 3.062e-03 9.618e-02) (0.000e+00 0.000e+00 0.000e+00)) ((-3.661e+01 7.248e+01 8.878e+00) (4.740e-02 -4.997e-03 1.601e-01) (0.000e+00 0.000e+00 0.000e+00))
256        	((-1.774e+01 9.498e-01 -1.105e+02) (-3.311e-01 3.057e-03 9.649e-02) (0.000e+00 0.000e+00 0.000e+00)) ((-3.659e+01 7.246e+01 8.871e+00) (4.755e-02 -5.109e-03 1.602e-01) (0.000e+00 0.000e+00 0.000e+00))
257        	((-1.772e+01 9.548e-01 -1.105e+02) (-3.314e-01 3.054e-03 9.680e-02) (0.000e+00 0.000e+00 0.000e+00)) ((-3.658e+01 7.244e+01 8.863e+00) (4.770e-02 -5.222e-03 1.603e-01) (0.000e+00 0.000e+00 0.000e+00))
258        	((-1.769e+01 9.572e-01 -1.104e+02) (-3.317e-01 3.057e-03 9.711e-02) (0.000e+00 0.000e+00 0.000e+00)) ((-3.656e+01 7.241e+01 8.853e+00) (4.785e-02 -5.336e-03 1.605e-01) (0.000e+00 0.000e+00 0.000e+00))
259        	((-1.767e+01 9.624e-01 -1.104e+02) (-3.319e-01 3.059e-03 9.741e-02) (0.000e+00 0.000e+00 0.000e+00)) ((-3.653e+01 7.238e+01 8.842e+00) (4.799e-02 -5.447e-03 1.606e-01) (0.000e+00 0.000e+00 0.000e+00))
260        	((-1.764e+01 9.666e-01 -1.103e+02) (-3.321e-01 3.066e-03 9.768e-02) (0.000e+00 0.000e+00 0.000e+00)) ((-3.651e+01 7.234e+01 8.832e+00) (4.813e-02 -5.552e-03 1.607e-01) (0.000e+00 0.000e+00 0.000e+00))
261        	((-1.761e+01 9.751e-01 -1.102e+02) (-3.323e-01 3.070e-03 9.794e-02) (0.000e+00 0.000e+00 0.000e+00)) ((-3.648e+01 7.231e+01 8.823e+00) (4.824e-02 -5.653e-03 1.608e-01) (0.000e+00 0.000e+00 0.000e+00))
262        	((-1.759e+01 9.833e-01 -1.102e+02) (-3.325e-01 3.080e-03 9.817e-02) (0.000e+00 0.000e+00 0.000e+00)) ((-3.646e+01 7.227e+01 8.814e+00) (4.835e-02 -5.746e-03 1.609e-01) (0.000e+00 0.000e+00 0.000e+00))
263        	((-1.756e+01 9.955e-01 -1.101e+02) (-3.326e-01 3.087e-03 9.837e-02) (0.000e+00 0.000e+00 0.000e+00)) ((-3.643e+01 7.223e+01 8.809e+00) (4.845e-02 -5.831e-03 1.609e-01) (0.000e+00 0.000e+00 0.000e+00))
264        	((-1.754e+01 1.006e+00 -1.100e+02) (-3.327e-01 3.097e-03 9.855e-02) (0.000e+00 0.000e+00 0.000e+00)) ((-3.642e+01 7.220e+01 8.805e+00) (4.853e-02 -5.909e-03 1.610e-01) (0.000e+00 0.000e+00 0.000e+00))
265        	((-1.752e+01 1.020e+00 -1.100e+02) (-3.327e-01 3.109e-03 9.872e-02) (0.000e+00 0.000e+00 0.000e+00)) ((-3.640e+01 7.216e+01 8.804e+00) (4.861e-02 -5.983e-03 1.610e-01) (0.000e+00 0.000e+00 0.000e+00))
266        	((-1.751e+01 1.030e+00 -1.099e+02) (-3.328e-01 3.123e-03 9.888e-02) (0.000e+00 0.000e+00 0.000e+00)) ((-3.639e+01 7.214e+01 8.807e+00) (4.869e-02 -6.053e-03 1.610e-01) (0.000e+00 0.000e+00 0.000e+00))
267        	((-1.750e+01 1.042e+00 -1.099e+02) (-3.328e-01 3.138e-03 9.903e-02) (0.000e+00 0.000e+00 0.000e+00)) ((-3.638e+01 7.212e+01 8.813e+00) (4.876e-02 -6.121e-03 1.611e-01) (0.000e+00 0.000e+00 0.000e+00))
268        	((-1.751e+01 1.050e+00 -1.099e+02) (-3.329e-01 3.156e-03 9.920e-02) (0.000e+00 0.000e+00 0.000e+00)) ((-3.638e+01 7.210e+01 8.821e+00) (4.885e-02 -6.189e-03 1.611e-01) (0.000e+00 0.000e+00 0.000e+00))
269        	((-1.752e+01 1.059e+00 -1.099e+02) (-3.330e-01 3.169e-03 9.938e-02) (0.000e+00 0.000e+00 0.000e+00)) ((-3.639e+01 7.209e+01 8.832e+00) (4.894e-02 -6.261e-03 1.612e-01) (0.000e+00 0.000e+00 0.000e+00))
270        	((-1.754e+01 1.063e+00 -1.099e+02) (-3.332e-01 3.187e-03 9.958e-02) (0.000e+00 0.000e+00 0.000e+00)) ((-3.639e+01 7.209e+01 8.845e+00) (4.905e-02 -6.334e-03 1.613e-01) (0.000e+00 0.000e+00 0.000e+00))
271        	((-1.756e+01 1.070e+00 -1.099e+02) (-3.334e-01 3.194e-03 9.979e-02) (0.000e+00 0.000e+00 0.000e+00)) ((-3.640e+01 7.209e+01 8.859e+00) (4.916e-02 -6.410e-03 1.614e-01) (0.000e+00 0.000e+00 0.000e+00))
272        	((-1.758e+01 1.073e+00 -1.099e+02) (-3.336e-01 3.203e-03 1.000e-01) (0.000e+00 0.000e+00 0.000e+00)) ((-3.641e+01 7.208e+01 8.873e+00) (4.928e-02 -6.485e-03 1.615e-01) (0.000e+00 0.000e+00 0.000e+00))
273        	((-1.760e+01 1.080e+00 -1.099e+02) (-3.338e-01 3.202e-03 1.002e-01) (0.000e+00 0.000e+00 0.000e+00)) ((-3.641e+01 7.208e+01 8.887e+00) (4.940e-02 -6.562e-03 1.616e-01) (0.000e+00 0.000e+00 0.000e+00))
274        	((-1.762e+01 1.085e+00 -1.099e+02) (-3.341e-01 3.200e-03 1.005e-01) (0.000e+00 0.000e+00 0.000e+00)) ((-3.641e+01 7.208e+01 8.899e+00) (4.952e-02 -6.635e-03 1.618e-01) (0.000e+00 0.000e+00 0.000e+00))
275        	((-1.764e+01 1.093e+00 -1.099e+02) (-3.343e-01 3.192e-03 1.007e-01) (0.000e+00 0.000e+00 0.000e+00)) ((-3.641e+01 7.207e+01 8.909e+00) (4.963e-02 -6.704e-03 1.619e-01) (0.000e+00 0.000e+00 0.000e+00))
276        	((-1.765e+01 1.098e+00 -1.099e+02) (-3.345e-01 3.178e-03 1.008e-01) (0.000e+00 0.000e+00 0.000e+00)) ((-3.641e+01 7.207e+01 8.916e+00) (4.973e-02 -6.764e-03 1.620e-01) (0.000e+00 0.000e+00 0.000e+00))
277        	((-1.766e+01 1.104e+00 -1.099e+02) (-3.347e-01 3.169e-03 1.010e-01) (0.000e+00 0.000e+00 0.000e+00)) ((-3.640e+01 7.206e+01 8.921e+00) (4.981e-02 -6.817e-03 1.621e-01) (0.000e+00 0.000e+00 0.000e+00))
278        	((-1.767e+01 1.107e+00 -1.099e+02) (-3.349e-01 3.150e-03 1.011e-01) (0.000e+00 0.000e+00 0.000e+00)) ((-3.640e+01 7.206e+01 8.923e+00) (4.987e-02 -6.858e-03 1.622e-01) (0.000e+00 0.000e+00 0.000e+00))
279        	((-1.767e+01 1.108e+00 -1.099e+02) (-3.350e-01 3.145e-03 1.012e-01) (0.000e+00 0.000e+00 0.000e+00)) ((-3.640e+01 7.206e+01 8.922e+00) (4.991e-02 -6.887e-03 1.623e-01) (0.000e+00 0.000e+00 0.000e+00))
280        	((-1.767e+01 1.105e+00 -1.099e+02) (-3.352e-01 3.134e-03 1.012e-01) (0.000e+00 0.000e+00 0.000e+00)) ((-3.640e+01 7.207e+01 8.919e+00) (4.994e-02 -6.909e-03 1.624e-01) (0.000e+00 0.000e+00 0.000e+00))
281        	((-1.767e+01 1.099e+00 -1.099e+02) (-3.353e-01 3.137e-03 1.013e-01) (0.000e+00 0.000e+00 0.000e+00)) ((-3.641e+01 7.209e+01 8.914e+00) (4.995e-02 -6.921e-03 1.624e-01) (0.000e+00 0.000e+00 0.000e+00))
282        	((-1.767e+01 1.090e+00 -1.100e+02) (-3.353e-01 3.145e-03 1.013e-01) (0.000e+00 0.000e+00 0.000e+00)) ((-3.642e+01 7.210e+01 8.907e+00) (4.995e-02 -6.927e-03 1.625e-01) (0.000e+00 0.000e+00 0.000e+00))
283        	((-1.767e+01 1.077e+00 -1.100e+02) (-3.354e-01 3.162e-03 1.013e-01) (0.000e+00 0.000e+00 0.000e+00)) ((-3.643e+01 7.212e+01 8.898e+00) (4.996e-02 -6.929e-03 1.625e-01) (0.000e+00 0.000e+00 0.000e+00))
284        	((-1.767e+01 1.061e+00 -1.100e+02) (-3.355e-01 3.184e-03 1.013e-01) (0.000e+00 0.000e+00 0.000e+00)) ((-3.644e+01 7.214e+01 8.890e+00) (4.996e-02 -6.930e-03 1.625e-01) (0.000e+00 0.000e+00 0.000e+00))
285        	((-1.767e+01 1.043e+00 -1.100e+02) (-3.355e-01 3.209e-03 1.013e-01) (0.000e+00 0.000e+00 0.000e+00)) ((-3.645e+01 7.216e+01 8.882e+00) (4.997e-02 -6.931e-03 1.626e-01) (0.000e+00 0.000e+00 0.000e+00))
286        	((-1.767e+01 1.023e+00 -1.101e+02) (-3.356e-01 3.233e-03 1.013e-01) (0.000e+00 0.000e+00 0.000e+00)) ((-3.646e+01 7.217e+01 8.875e+00) (4.998e-02 -6.936e-03 1.626e-01) (0.000e+00 0.000e+00 0.000e+00))
287        	((-1.768e+01 1.003e+00 -1.101e+02) (-3.357e-01 3.258e-03 1.013e-01) (0.000e+00 0.000e+00 0.000e+00)) ((-3.647e+01 7.219e+01 8.870e+00) (5.001e-02 -6.943e-03 1.627e-01) (0.000e+00 0.000e+00 0.000e+00))
288        	((-1.768e+01 9.832e-01 -1.101e+02) (-3.358e-01 3.275e-03 1.014e-01) (0.000e+00 0.000e+00 0.000e+00)) ((-3.648e+01 7.220e+01 8.867e+00) (5.003e-02 -6.954e-03 1.627e-01) (0.000e+00 0.000e+00 0.000e+00))
289        	((-1.769e+01 9.655e-01 -1.101e+02) (-3.359e-01 3.293e-03 1.014e-01) (0.000e+00 0.000e+00 0.000e+00)) ((-3.649e+01 7.222e+01 8.865e+00) (5.006e-02 -6.965e-03 1.628e-01) (0.000e+00 0.000e+00 0.000e+00))
290        	((-1.770e+01 9.512e-01 -1.102e+02) (-3.360e-01 3.294e-03 1.015e-01) (0.000e+00 0.000e+00 0.000e+00)) ((-3.650e+01 7.222e+01 8.866e+00) (5.009e-02 -6.979e-03 1.628e-01) (0.000e+00 0.000e+00 0.000e+00))
291        	((-1.770e+01 9.414e-01 -1.102e+02) (-3.360e-01 3.299e-03 1.015e-01) (0.000e+00 0.000e+00 0.000e+00)) ((-3.650e+01 7.223e+01 8.867e+00) (5.011e-02 -6.990e-03 1.629e-01) (0.000e+00 0.000e+00 0.000e+00))
292        	((-1.771e+01 9.364e-01 -1.102e+02) (-3.361e-01 3.283e-03 1.015e-01) (0.000e+00 0.000e+00 0.000e+00)) ((-3.650e+01 7.223e+01 8.869e+00) (5.013e-02 -7.000e-03 1.629e-01) (0.000e+00 0.000e+00 0.000e+00))
293        	((-1.771e+01 9.361e-01 -1.102e+02) (-3.361e-01 3.273e-03 1.015e-01) (0.000e+00 0.000e+00 0.000e+00)) ((-3.650e+01 7.222e+01 8.872e+00) (5.014e-02 -7.006e-03 1.629e-01) (0.000e+00 0.000e+00 0.000e+00))
294        	((-1.771e+01 9.402e-01 -1.102e+02) (-3.361e-01 3.248e-03 1.016e-01) (0.000e+00 0.000e+00 0.000e+00)) ((-3.650e+01 7.221e+01 8.875e+00) (5.014e-02 -7.010e-03 1.629e-01) (0.000e+00 0.000e+00 0.000e+00))
295        	((-1.771e+01 9.470e-01 -1.101e+02) (-3.361e-01 3.229e-03 1.015e-01) (0.000e+00 0.000e+00 0.000e+00)) ((-3.649e+01 7.221e+01 8.878e+00) (5.014e-02 -7.007e-03 1.629e-01) (0.000e+00 0.000e+00 0.000e+00))
296        	((-1.771e+01 9.560e-01 -1.101e+02) (-3.361e-01 3.206e-03 1.015e-01) (0.000e+00 0.000e+00 0.000e+00)) ((-3.649e+01 7.220e+01 8.882e+00) (5.013e-02 -7.003e-03 1.629e-01) (0.000e+00 0.000e+00 0.000e+00))
297        	((-1.771e+01 9.649e-01 -1.101e+02) (-3.361e-01 3.192e-03 1.015e-01) (0.000e+00 0.000e+00 0.000e+00)) ((-3.648e+01 7.220e+01 8.884e+00) (5.011e-02 -6.993e-03 1.629e-01) (0.000e+00 0.000e+00 0.000e+00))
298        	((-1.771e+01 9.732e-01 -1.101e+02) (-3.361e-01 3.179e-03 1.015e-01) (0.000e+00 0.000e+00 0.000e+00)) ((-3.648e+01 7.220e+01 8.885e+00) (5.010e-02 -6.984e-03 1.629e-01) (0.000e+00 0.000e+00 0.000e+00))
299        	((-1.771e+01 9.792e-01 -1.101e+02) (-3.362e-01 3.174e-03 1.015e-01) (0.000e+00 0.000e+00 0.000e+00)) ((-3.648e+01 7.219e+01 8.885e+00) (5.009e-02 -6.973e-03 1.629e-01) (0.000e+00 0.000e+00 0.000e+00))
300        	((-1.770e+01 9.826e-01 -1.101e+02) (-3.362e-01 3.177e-03 1.015e-01) (0.000e+00 0.000e+00 0.000e+00)) ((-3.647e+01 7.219e+01 8.883e+00) (5.008e-02 -6.965e-03 1.629e-01) (0.000e+00 0.000e+00 0.000e+00))
301        	((-1.770e+01 9.832e-01 -1.101e+02) (-3.363e-01 3.177e-03 1.015e-01) (0.000e+00 0.000e+00 0.000e+00)) ((-3.647e+01 7.219e+01 8.879e+00) (5.008e-02 -6.957e-03 1.629e-01) (0.000e+00 0.000e+00 0.000e+00))
302        	((-1.769e+01 9.802e-01 -1.101e+02) (-3.364e-01 3.198e-03 1.015e-01) (0.000e+00 0.000e+00 0.000e+00)) ((-3.647e+01 7.218e+01 8.873e+00) (5.009e-02 -6.953e-03 1.630e-01) (0.000e+00 0.000e+00 0.000e+00))
303        	((-1.768e+01 9.753e-01 -1.101e+02) (-3.365e-01 3.203e-03 1.015e-01) (0.000e+00 0.000e+00 0.000e+00)) ((-3.646e+01 7.217e+01 8.866e+00) (5.009e-02 -6.951e-03 1.630e-01) (0.000e+00 0.000e+00 0.000e+00))
304        	((-1.767e+01 9.686e-01 -1.101e+02) (-3.366e-01 3.224e-03 1.015e-01) (0.000e+00 0.000e+00 0.000e+00)) ((-3.645e+01 7.216e+01 8.857e+00) (5.010e-02 -6.950e-03 1.631e-01) (0.000e+00 0.000e+00 0.000e+00))
305        	((-1.765e+01 9.604e-01 -1.100e+02) (-3.366e-01 3.246e-03 1.015e-01) (0.000e+00 0.000e+00 0.000e+00)) ((-3.644e+01 7.214e+01 8.846e+00) (5.011e-02 -6.949e-03 1.631e-01) (0.000e+00 0.000e+00 0.000e+00))
306        	((-1.763e+01 9.526e-01 -1.100e+02) (-3.367e-01 3.252e-03 1.015e-01) (0.000e+00 0.000e+00 0.000e+00)) ((-3.642e+01 7.213e+01 8.836e+00) (5.010e-02 -6.946e-03 1.632e-01) (0.000e+00 0.000e+00 0.000e+00))
307        	((-1.762e+01 9.448e-01 -1.100e+02) (-3.367e-01 3.276e-03 1.015e-01) (0.000e+00 0.000e+00 0.000e+00)) ((-3.641e+01 7.211e+01 8.825e+00) (5.009e-02 -6.938e-03 1.632e-01) (0.000e+00 0.000e+00 0.000e+00))
308        	((-1.760e+01 9.393e-01 -1.099e+02) (-3.367e-01 3.274e-03 1.014e-01) (0.000e+00 0.000e+00 0.000e+00)) ((-3.640e+01 7.209e+01 8.815e+00) (5.007e-02 -6.929e-03 1.631e-01) (0.000e+00 0.000e+00 0.000e+00))
309        	((-1.759e+01 9.355e-01 -1.099e+02) (-3.366e-01 3.290e-03 1.014e-01) (0.000e+00 0.000e+00 0.000e+00)) ((-3.639e+01 7.208e+01 8.807e+00) (5.003e-02 -6.912e-03 1.631e-01) (0.000e+00 0.000e+00 0.000e+00))
310        	((-1.757e+01 9.348e-01 -1.099e+02) (-3.365e-01 3.288e-03 1.013e-01) (0.000e+00 0.000e+00 0.000e+00)) ((-3.638e+01 7.207e+01 8.801e+00) (4.999e-02 -6.893e-03 1.631e-01) (0.000e+00 0.000e+00 0.000e+00))
311        	((-1.756e+01 9.365e-01 -1.099e+02) (-3.364e-01 3.290e-03 1.012e-01) (0.000e+00 0.000e+00 0.000e+00)) ((-3.637e+01 7.206e+01 8.797e+00) (4.994e-02 -6.868e-03 1.630e-01) (0.000e+00 0.000e+00 0.000e+00))
312        	((-1.756e+01 9.401e-01 -1.098e+02) (-3.363e-01 3.292e-03 1.011e-01) (0.000e+00 0.000e+00 0.000e+00)) ((-3.636e+01 7.205e+01 8.796e+00) (4.988e-02 -6.841e-03 1.629e-01) (0.000e+00 0.000e+00 0.000e+00))
313        	((-1.756e+01 9.454e-01 -1.098e+02) (-3.362e-01 3.280e-03 1.010e-01) (0.000e+00 0.000e+00 0.000e+00)) ((-3.636e+01 7.204e+01 8.798e+00) (4.983e-02 -6.815e-03 1.628e-01) (0.000e+00 0.000e+00 0.000e+00))
314        	((-1.756e+01 9.514e-01 -1.098e+02) (-3.361e-01 3.284e-03 1.010e-01) (0.000e+00 0.000e+00 0.000e+00)) ((-3.636e+01 7.204e+01 8.802e+00) (4.978e-02 -6.791e-03 1.628e-01) (0.000e+00 0.000e+00 0.000e+00))
315        	((-1.757e+01 9.577e-01 -1.098e+02) (-3.361e-01 3.270e-03 1.009e-01) (0.000e+00 0.000e+00 0.000e+00)) ((-3.637e+01 7.204e+01 8.809e+00) (4.975e-02 -6.772e-03 1.627e-01) (0.000e+00 0.000e+00 0.000e+00))
316        	((-1.758e+01 9.648e-01 -1.098e+02) (-3.360e-01 3.260e-03 1.009e-01) (0.000e+00 0.000e+00 0.000e+00)) ((-3.637e+01 7.204e+01 8.817e+00) (4.973e-02 -6.759e-03 1.627e-01) (0.000e+00 0.000e+00 0.000e+00))
317        	((-1.759e+01 9.711e-01 -1.099e+02) (-3.360e-01 3.261e-03 1.009e-01) (0.000e+00 0.000e+00 0.000e+00)) ((-3.638e+01 7.204e+01 8.827e+00) (4.973e-02 -6.755e-03 1.627e-01) (0.000e+00 0.000e+00 0.000e+00))
318        	((-1.760e+01 9.782e-01 -1.099e+02) (-3.360e-01 3.231e-03 1.009e-01) (0.000e+00 0.000e+00 0.000e+00)) ((-3.639e+01 7.204e+01 8.837e+00) (4.973e-02 -6.758e-03 1.627e-01) (0.000e+00 0.000e+00 0.000e+00))
319        	((-1.762e+01 9.849e-01 -1.099e+02) (-3.361e-01 3.232e-03 1.009e-01) (0.000e+00 0.000e+00 0.000e+00)) ((-3.639e+01 7.204e+01 8.847e+00) (4.976e-02 -6.768e-03 1.628e-01) (0.000e+00 0.000e+00 0.000e+00))
320        	((-1.763e+01 9.922e-01 -1.099e+02) (-3.362e-01 3.198e-03 1.010e-01) (0.000e+00 0.000e+00 0.000e+00)) ((-3.639e+01 7.204e+01 8.857e+00) (4.980e-02 -6.785e-03 1.628e-01) (0.000e+00 0.000e+00 0.000e+00))
321        	((-1.764e+01 9.998e-01 -1.099e+02) (-3.363e-01 3.191e-03 1.011e-01) (0.000e+00 0.000e+00 0.000e+00)) ((-3.639e+01 7.204e+01 8.865e+00) (4.984e-02 -6.804e-03 1.629e-01) (0.000e+00 0.000e+00 0.000e+00))
322        	((-1.765e+01 1.007e+00 -1.099e+02) (-3.365e-01 3.164e-03 1.012e-01) (0.000e+00 0.000e+00 0.000e+00)) ((-3.639e+01 7.203e+01 8.871e+00) (4.988e-02 -6.826e-03 1.629e-01) (0.000e+00 0.000e+00 0.000e+00))
323        	((-1.765e+01 1.013e+00 -1.098e+02) (-3.366e-01 3.140e-03 1.012e-01) (0.000e+00 0.000e+00 0.000e+00)) ((-3.638e+01 7.202e+01 8.873e+00) (4.992e-02 -6.846e-03 1.630e-01) (0.000e+00 0.000e+00 0.000e+00))
324        	((-1.765e+01 1.019e+00 -1.098e+02) (-3.367e-01 3.123e-03 1.013e-01) (0.000e+00 0.000e+00 0.000e+00)) ((-3.637e+01 7.201e+01 8.873e+00) (4.995e-02 -6.862e-03 1.631e-01) (0.000e+00 0.000e+00 0.000e+00))
325        	((-1.764e+01 1.023e+00 -1.098e+02) (-3.368e-01 3.106e-03 1.014e-01) (0.000e+00 0.000e+00 0.000e+00)) ((-3.636e+01 7.200e+01 8.870e+00) (4.997e-02 -6.875e-03 1.631e-01) (0.000e+00 0.000e+00 0.000e+00))
326        	((-1.763e+01 1.027e+00 -1.098e+02) (-3.368e-01 3.088e-03 1.014e-01) (0.000e+00 0.000e+00 0.000e+00)) ((-3.635e+01 7.199e+01 8.866e+00) (4.998e-02 -6.877e-03 1.631e-01) (0.000e+00 0.000e+00 0.000e+00))
327        	((-1.762e+01 1.028e+00 -1.098e+02) (-3.369e-01 3.103e-03 1.014e-01) (0.000e+00 0.000e+00 0.000e+00)) ((-3.634e+01 7.198e+01 8.859e+00) (4.998e-02 -6.878e-03 1.631e-01) (0.000e+00 0.000e+00 0.000e+00))
328        	((-1.761e+01 1.028e+00 -1.098e+02) (-3.369e-01 3.081e-03 1.013e-01) (0.000e+00 0.000e+00 0.000e+00)) ((-3.634e+01 7.198e+01 8.852e+00) (4.996e-02 -6.871e-03 1.631e-01) (0.000e+00 0.000e+00 0.000e+00))
329        	((-1.760e+01 1.024e+00 -1.098e+02) (-3.369e-01 3.117e-03 1.013e-01) (0.000e+00 0.000e+00 0.000e+00)) ((-3.634e+01 7.198e+01 8.844e+00) (4.995e-02 -6.863e-03 1.631e-01) (0.000e+00 0.000e+00 0.000e+00))
330        	((-1.760e+01 1.019e+00 -1.098e+02) (-3.369e-01 3.114e-03 1.013e-01) (0.000e+00 0.000e+00 0.000e+00)) ((-3.634e+01 7.199e+01 8.838e+00) (4.993e-02 -6.852e-03 1.631e-01) (0.000e+00 0.000e+00 0.000e+00))
331        	((-1.760e+01 1.010e+00 -1.098e+02) (-3.369e-01 3.154e-03 1.012e-01) (0.000e+00 0.000e+00 0.000e+00)) ((-3.635e+01 7.200e+01 8.832e+00) (4.991e-02 -6.841e-03 1.631e-01) (0.000e+00 0.000e+00 0.000e+00))
332        	((-1.760e+01 9.997e-01 -1.098e+02) (-3.368e-01 3.179e-03 1.012e-01) (0.000e+00 0.000e+00 0.000e+00)) ((-3.636e+01 7.202e+01 8.829e+00) (4.989e-02 -6.830e-03 1.631e-01) (0.000e+00 0.000e+00 0.000e+00))
333        	((-1.760e+01 9.875e-01 -1.098e+02) (-3.368e-01 3.204e-03 1.012e-01) (0.000e+00 0.000e+00 0.000e+00)) ((-3.637e+01 7.203e+01 8.828e+00) (4.989e-02 -6.825e-03 1.631e-01) (0.000e+00 0.000e+00 0.000e+00))
334        	((-1.761e+01 9.743e-01 -1.099e+02) (-3.369e-01 3.238e-03 1.012e-01) (0.000e+00 0.000e+00 0.000e+00)) ((-3.639e+01 7.205e+01 8.829e+00) (4.989e-02 -6.822e-03 1.631e-01) (0.000e+00 0.000e+00 0.000e+00))
335        	((-1.763e+01 9.615e-01 -1.099e+02) (-3.369e-01 3.253e-03 1.012e-01) (0.000e+00 0.000e+00 0.000e+00)) ((-3.640e+01 7.206e+01 8.831e+00) (4.990e-02 -6.828e-03 1.631e-01) (0.000e+00 0.000e+00 0.000e+00))
336        	((-1.764e+01 9.507e-01 -1.099e+02) (-3.369e-01 3.268e-03 1.012e-01) (0.000e+00 0.000e+00 0.000e+00)) ((-3.642e+01 7.208e+01 8.837e+00) (4.992e-02 -6.836e-03 1.632e-01) (0.000e+00 0.000e+00 0.000e+00))
337        	((-1.766e+01 9.411e-01 -1.099e+02) (-3.369e-01 3.291e-03 1.013e-01) (0.000e+00 0.000e+00 0.000e+00)) ((-3.643e+01 7.209e+01 8.843e+00) (4.996e-02 -6.851e-03 1.632e-01) (0.000e+00 0.000e+00 0.000e+00))
338        	((-1.768e+01 9.353e-01 -1.100e+02) (-3.370e-01 3.274e-03 1.014e-01) (0.000e+00 0.000e+00 0.000e+00)) ((-3.644e+01 7.210e+01 8.852e+00) (4.999e-02 -6.867e-03 1.632e-01) (0.000e+00 0.000e+00 0.000e+00))
339        	((-1.770e+01 9.318e-01 -1.100e+02) (-3.371e-01 3.283e-03 1.014e-01) (0.000e+00 0.000e+00 0.000e+00)) ((-3.645e+01 7.211e+01 8.861e+00) (5.002e-02 -6.885e-03 1.633e-01) (0.000e+00 0.000e+00 0.000e+00))
340        	((-1.772e+01 9.328e-01 -1.100e+02) (-3.371e-01 3.249e-03 1.015e-01) (0.000e+00 0.000e+00 0.000e+00)) ((-3.646e+01 7.212e+01 8.871e+00) (5.005e-02 -6.902e-03 1.633e-01) (0.000e+00 0.000e+00 0.000e+00))
341        	((-1.773e+01 9.367e-01 -1.100e+02) (-3.372e-01 3.242e-03 1.015e-01) (0.000e+00 0.000e+00 0.000e+00)) ((-3.646e+01 7.213e+01 8.880e+00) (5.008e-02 -6.917e-03 1.633e-01) (0.000e+00 0.000e+00 0.000e+00))
342        	((-1.775e+01 9.442e-01 -1.101e+02) (-3.372e-01 3.206e-03 1.016e-01) (0.000e+00 0.000e+00 0.000e+00)) ((-3.647e+01 7.214e+01 8.890e+00) (5.010e-02 -6.930e-03 1.633e-01) (0.000e+00 0.000e+00 0.000e+00))
343        	((-1.776e+01 9.533e-01 -1.101e+02) (-3.373e-01 3.183e-03 1.016e-01) (0.000e+00 0.000e+00 0.000e+00)) ((-3.647e+01 7.214e+01 8.898e+00) (5.012e-02 -6.939e-03 1.634e-01) (0.000e+00 0.000e+00 0.000e+00))
344        	((-1.777e+01 9.630e-01 -1.101e+02) (-3.373e-01 3.160e-03 1.016e-01) (0.000e+00 0.000e+00 0.000e+00)) ((-3.647e+01 7.215e+01 8.904e+00) (5.013e-02 -6.946e-03 1.634e-01) (0.000e+00 0.000e+00 0.000e+00))
345        	((-1.778e+01 9.715e-01 -1.101e+02) (-3.374e-01 3.135e-03 1.016e-01) (0.000e+00 0.000e+00 0.000e+00)) ((-3.648e+01 7.216e+01 8.908e+00) (5.015e-02 -6.951e-03 1.634e-01) (0.000e+00 0.000e+00 0.000e+00))
346        	((-1.778e+01 9.769e-01 -1.101e+02) (-3.375e-01 3.133e-03 1.017e-01) (0.000e+00 0.000e+00 0.000e+00)) ((-3.648e+01 7.217e+01 8.909e+00) (5.016e-02 -6.953e-03 1.634e-01) (0.000e+00 0.000e+00 0.000e+00))
347        	((-1.778e+01 9.779e-01 -1.101e+02) (-3.375e-01 3.124e-03 1.017e-01) (0.000e+00 0.000e+00 0.000e+00)) ((-3.648e+01 7.218e+01 8.907e+00) (5.017e-02 -6.958e-03 1.635e-01) (0.000e+00 0.000e+00 0.000e+00))
348        	((-1.778e+01 9.747e-01 -1.102e+02) (-3.376e-01 3.135e-03 1.017e-01) (0.000e+00 0.000e+00 0.000e+00)) ((-3.649e+01 7.219e+01 8.904e+00) (5.018e-02 -6.961e-03 1.635e-01) (0.000e+00 0.000e+00 0.000e+00))
349        	((-1.778e+01 9.651e-01 -1.102e+02) (-3.377e-01 3.157e-03 1.017e-01) (0.000e+00 0.000e+00 0.000e+00)) ((-3.649e+01 7.221e+01 8.897e+00) (5.020e-02 -6.967e-03 1.636e-01) (0.000e+00 0.000e+00 0.000e+00))
350        	((-1.777e+01 9.520e-01 -1.102e+02) (-3.378e-01 3.165e-03 1.018e-01) (0.000e+00 0.000e+00 0.000e+00)) ((-3.650e+01 7.222e+01 8.888e+00) (5.022e-02 -6.974e-03 1.636e-01) (0.000e+00 0.000e+00 0.000e+00))
351        	((-1.777e+01 9.341e-01 -1.102e+02) (-3.379e-01 3.201e-03 1.018e-01) (0.000e+00 0.000e+00 0.000e+00)) ((-3.650e+01 7.223e+01 8.877e+00) (5.025e-02 -6.981e-03 1.637e-01) (0.000e+00 0.000e+00 0.000e+00))
352        	((-1.776e+01 9.154e-01 -1.102e+02) (-3.379e-01 3.216e-03 1.019e-01) (0.000e+00 0.000e+00 0.000e+00)) ((-3.650e+01 7.224e+01 8.866e+00) (5.027e-02 -6.990e-03 1.637e-01) (0.000e+00 0.000e+00 0.000e+00))
353        	((-1.775e+01 8.957e-01 -1.102e+02) (-3.380e-01 3.251e-03 1.019e-01) (0.000e+00 0.000e+00 0.000e+00)) ((-3.650e+01 7.224e+01 8.854e+00) (5.028e-02 -6.996e-03 1.637e-01) (0.000e+00 0.000e+00 0.000e+00))
354        	((-1.774e+01 8.779e-01 -1.102e+02) (-3.380e-01 3.274e-03 1.019e-01) (0.000e+00 0.000e+00 0.000e+00)) ((-3.650e+01 7.225e+01 8.843e+00) (5.029e-02 -7.001e-03 1.638e-01) (0.000e+00 0.000e+00 0.000e+00))
355        	((-1.773e+01 8.626e-01 -1.102e+02) (-3.380e-01 3.301e-03 1.019e-01) (0.000e+00 0.000e+00 0.000e+00)) ((-3.650e+01 7.225e+01 8.833e+00) (5.028e-02 -7.001e-03 1.637e-01) (0.000e+00 0.000e+00 0.000e+00))
356        	((-1.772e+01 8.510e-01 -1.102e+02) (-3.379e-01 3.327e-03 1.019e-01) (0.000e+00 0.000e+00 0.000e+00)) ((-3.650e+01 7.225e+01 8.825e+00) (5.027e-02 -6.997e-03 1.637e-01) (0.000e+00 0.000e+00 0.000e+00))
357        	((-1.771e+01 8.438e-01 -1.102e+02) (-3.378e-01 3.338e-03 1.018e-01) (0.000e+00 0.000e+00 0.000e+00)) ((-3.650e+01 7.225e+01 8.819e+00) (5.024e-02 -6.990e-03 1.637e-01) (0.000e+00 0.000e+00 0.000e+00))
358        	((-1.770e+01 8.405e-01 -1.102e+02) (-3.377e-01 3.362e-03 1.018e-01) (0.000e+00 0.000e+00 0.000e+00)) ((-3.650e+01 7.225e+01 8.816e+00) (5.021e-02 -6.978e-03 1.636e-01) (0.000e+00 0.000e+00 0.000e+00))
359        	((-1.770e+01 8.410e-01 -1.102e+02) (-3.375e-01 3.367e-03 1.017e-01) (0.000e+00 0.000e+00 0.000e+00)) ((-3.650e+01 7.225e+01 8.816e+00) (5.017e-02 -6.966e-03 1.635e-01) (0.000e+00 0.000e+00 0.000e+00))
360        	((-1.770e+01 8.456e-01 -1.102e+02) (-3.374e-01 3.371e-03 1.016e-01) (0.000e+00 0.000e+00 0.000e+00)) ((-3.651e+01 7.226e+01 8.819e+00) (5.014e-02 -6.951e-03 1.634e-01) (0.000e+00 0.000e+00 0.000e+00))
