# Forces   
# CofR     : (0.000e+00 0.000e+00 0.000e+00)
# Time     forces(pressure viscous porous)	moments(pressure viscous porous)
1          	((-3.639e+01 -2.566e-01 -3.665e+02) (-1.506e-01 -6.502e-03 6.605e-03) (0.000e+00 0.000e+00 0.000e+00)) ((-9.600e+01 -4.219e+02 9.463e+00) (1.226e-03 3.094e-02 5.709e-02) (0.000e+00 0.000e+00 0.000e+00))
2          	((-1.619e+01 -3.674e-01 -2.026e+02) (-1.516e-01 -7.270e-03 9.541e-03) (0.000e+00 0.000e+00 0.000e+00)) ((-5.440e+01 -2.129e+02 5.007e+00) (1.940e-03 3.536e-02 5.812e-02) (0.000e+00 0.000e+00 0.000e+00))
3          	((-9.666e+00 -3.146e-01 -1.357e+02) (-1.509e-01 -7.762e-03 9.901e-03) (0.000e+00 0.000e+00 0.000e+00)) ((-3.697e+01 -1.365e+02 3.389e+00) (2.061e-03 3.658e-02 5.839e-02) (0.000e+00 0.000e+00 0.000e+00))
4          	((-5.927e+00 -2.774e-01 -9.862e+01) (-1.516e-01 -8.115e-03 9.987e-03) (0.000e+00 0.000e+00 0.000e+00)) ((-2.716e+01 -9.465e+01 2.440e+00) (2.054e-03 3.688e-02 5.894e-02) (0.000e+00 0.000e+00 0.000e+00))
5          	((-4.954e+00 -2.408e-01 -8.843e+01) (-1.527e-01 -8.493e-03 1.016e-02) (0.000e+00 0.000e+00 0.000e+00)) ((-2.442e+01 -8.393e+01 2.138e+00) (2.048e-03 3.717e-02 5.960e-02) (0.000e+00 0.000e+00 0.000e+00))
6          	((-4.524e+00 -2.231e-01 -8.340e+01) (-1.538e-01 -8.869e-03 1.034e-02) (0.000e+00 0.000e+00 0.000e+00)) ((-2.309e+01 -7.904e+01 1.990e+00) (2.037e-03 3.747e-02 6.025e-02) (0.000e+00 0.000e+00 0.000e+00))
7          	((-4.481e+00 -2.272e-01 -8.471e+01) (-1.549e-01 -9.326e-03 1.047e-02) (0.000e+00 0.000e+00 0.000e+00)) ((-2.343e+01 -8.038e+01 1.961e+00) (1.994e-03 3.773e-02 6.096e-02) (0.000e+00 0.000e+00 0.000e+00))
8          	((-4.476e+00 -2.621e-01 -8.655e+01) (-1.559e-01 -9.810e-03 1.054e-02) (0.000e+00 0.000e+00 0.000e+00)) ((-2.389e+01 -8.198e+01 1.987e+00) (1.922e-03 3.793e-02 6.163e-02) (0.000e+00 0.000e+00 0.000e+00))
9          	((-4.486e+00 -3.006e-01 -9.019e+01) (-1.568e-01 -1.037e-02 1.060e-02) (0.000e+00 0.000e+00 0.000e+00)) ((-2.478e+01 -8.489e+01 2.020e+00) (1.841e-03 3.813e-02 6.234e-02) (0.000e+00 0.000e+00 0.000e+00))
10         	((-4.426e+00 -3.648e-01 -9.063e+01) (-1.576e-01 -1.098e-02 1.066e-02) (0.000e+00 0.000e+00 0.000e+00)) ((-2.487e+01 -8.490e+01 2.066e+00) (1.754e-03 3.832e-02 6.305e-02) (0.000e+00 0.000e+00 0.000e+00))
11         	((-4.347e+00 -4.293e-01 -9.132e+01) (-1.583e-01 -1.160e-02 1.072e-02) (0.000e+00 0.000e+00 0.000e+00)) ((-2.505e+01 -8.497e+01 2.101e+00) (1.662e-03 3.849e-02 6.376e-02) (0.000e+00 0.000e+00 0.000e+00))
12         	((-4.258e+00 -4.973e-01 -9.219e+01) (-1.589e-01 -1.221e-02 1.076e-02) (0.000e+00 0.000e+00 0.000e+00)) ((-2.532e+01 -8.514e+01 2.136e+00) (1.564e-03 3.864e-02 6.443e-02) (0.000e+00 0.000e+00 0.000e+00))
13         	((-4.164e+00 -5.718e-01 -9.294e+01) (-1.595e-01 -1.282e-02 1.080e-02) (0.000e+00 0.000e+00 0.000e+00)) ((-2.561e+01 -8.520e+01 2.179e+00) (1.463e-03 3.878e-02 6.508e-02) (0.000e+00 0.000e+00 0.000e+00))
14         	((-4.065e+00 -6.495e-01 -9.347e+01) (-1.599e-01 -1.340e-02 1.080e-02) (0.000e+00 0.000e+00 0.000e+00)) ((-2.588e+01 -8.507e+01 2.226e+00) (1.354e-03 3.888e-02 6.568e-02) (0.000e+00 0.000e+00 0.000e+00))
15         	((-3.963e+00 -7.298e-01 -9.364e+01) (-1.602e-01 -1.394e-02 1.085e-02) (0.000e+00 0.000e+00 0.000e+00)) ((-2.606e+01 -8.469e+01 2.279e+00) (1.273e-03 3.898e-02 6.621e-02) (0.000e+00 0.000e+00 0.000e+00))
16         	((-3.851e+00 -8.086e-01 -9.340e+01) (-1.605e-01 -1.445e-02 1.090e-02) (0.000e+00 0.000e+00 0.000e+00)) ((-2.613e+01 -8.399e+01 2.333e+00) (1.199e-03 3.905e-02 6.668e-02) (0.000e+00 0.000e+00 0.000e+00))
17         	((-3.744e+00 -8.844e-01 -9.287e+01) (-1.607e-01 -1.495e-02 1.094e-02) (0.000e+00 0.000e+00 0.000e+00)) ((-2.613e+01 -8.309e+01 2.390e+00) (1.130e-03 3.911e-02 6.711e-02) (0.000e+00 0.000e+00 0.000e+00))
18         	((-3.654e+00 -9.557e-01 -9.228e+01) (-1.608e-01 -1.540e-02 1.101e-02) (0.000e+00 0.000e+00 0.000e+00)) ((-2.611e+01 -8.222e+01 2.449e+00) (1.074e-03 3.917e-02 6.745e-02) (0.000e+00 0.000e+00 0.000e+00))
19         	((-3.591e+00 -1.023e+00 -9.187e+01) (-1.609e-01 -1.583e-02 1.107e-02) (0.000e+00 0.000e+00 0.000e+00)) ((-2.614e+01 -8.160e+01 2.513e+00) (1.019e-03 3.923e-02 6.776e-02) (0.000e+00 0.000e+00 0.000e+00))
20         	((-3.567e+00 -1.080e+00 -9.187e+01) (-1.610e-01 -1.626e-02 1.115e-02) (0.000e+00 0.000e+00 0.000e+00)) ((-2.625e+01 -8.148e+01 2.575e+00) (9.651e-04 3.930e-02 6.805e-02) (0.000e+00 0.000e+00 0.000e+00))
21         	((-3.537e+00 -1.142e+00 -9.211e+01) (-1.610e-01 -1.669e-02 1.123e-02) (0.000e+00 0.000e+00 0.000e+00)) ((-2.651e+01 -8.149e+01 2.642e+00) (9.148e-04 3.936e-02 6.833e-02) (0.000e+00 0.000e+00 0.000e+00))
22         	((-3.541e+00 -1.190e+00 -9.227e+01) (-1.611e-01 -1.714e-02 1.131e-02) (0.000e+00 0.000e+00 0.000e+00)) ((-2.665e+01 -8.163e+01 2.701e+00) (8.642e-04 3.942e-02 6.863e-02) (0.000e+00 0.000e+00 0.000e+00))
23         	((-3.550e+00 -1.245e+00 -9.258e+01) (-1.611e-01 -1.759e-02 1.139e-02) (0.000e+00 0.000e+00 0.000e+00)) ((-2.690e+01 -8.189e+01 2.772e+00) (8.139e-04 3.950e-02 6.894e-02) (0.000e+00 0.000e+00 0.000e+00))
24         	((-3.551e+00 -1.287e+00 -9.253e+01) (-1.612e-01 -1.804e-02 1.148e-02) (0.000e+00 0.000e+00 0.000e+00)) ((-2.697e+01 -8.190e+01 2.824e+00) (7.635e-04 3.958e-02 6.926e-02) (0.000e+00 0.000e+00 0.000e+00))
25         	((-3.554e+00 -1.342e+00 -9.191e+01) (-1.613e-01 -1.851e-02 1.157e-02) (0.000e+00 0.000e+00 0.000e+00)) ((-2.696e+01 -8.148e+01 2.889e+00) (7.135e-04 3.966e-02 6.960e-02) (0.000e+00 0.000e+00 0.000e+00))
26         	((-3.550e+00 -1.382e+00 -9.144e+01) (-1.614e-01 -1.895e-02 1.165e-02) (0.000e+00 0.000e+00 0.000e+00)) ((-2.691e+01 -8.115e+01 2.936e+00) (6.605e-04 3.976e-02 6.994e-02) (0.000e+00 0.000e+00 0.000e+00))
27         	((-3.556e+00 -1.435e+00 -9.029e+01) (-1.615e-01 -1.933e-02 1.175e-02) (0.000e+00 0.000e+00 0.000e+00)) ((-2.676e+01 -8.032e+01 2.995e+00) (6.260e-04 3.985e-02 7.024e-02) (0.000e+00 0.000e+00 0.000e+00))
28         	((-3.558e+00 -1.471e+00 -8.980e+01) (-1.616e-01 -1.970e-02 1.184e-02) (0.000e+00 0.000e+00 0.000e+00)) ((-2.672e+01 -7.998e+01 3.038e+00) (5.892e-04 3.996e-02 7.055e-02) (0.000e+00 0.000e+00 0.000e+00))
29         	((-3.560e+00 -1.519e+00 -8.864e+01) (-1.618e-01 -1.999e-02 1.192e-02) (0.000e+00 0.000e+00 0.000e+00)) ((-2.657e+01 -7.910e+01 3.090e+00) (5.666e-04 4.007e-02 7.083e-02) (0.000e+00 0.000e+00 0.000e+00))
30         	((-3.549e+00 -1.549e+00 -8.816e+01) (-1.620e-01 -2.022e-02 1.197e-02) (0.000e+00 0.000e+00 0.000e+00)) ((-2.652e+01 -7.872e+01 3.123e+00) (5.365e-04 4.019e-02 7.109e-02) (0.000e+00 0.000e+00 0.000e+00))
31         	((-3.522e+00 -1.591e+00 -8.723e+01) (-1.622e-01 -2.033e-02 1.203e-02) (0.000e+00 0.000e+00 0.000e+00)) ((-2.643e+01 -7.790e+01 3.163e+00) (5.270e-04 4.030e-02 7.127e-02) (0.000e+00 0.000e+00 0.000e+00))
32         	((-3.492e+00 -1.623e+00 -8.700e+01) (-1.623e-01 -2.036e-02 1.210e-02) (0.000e+00 0.000e+00 0.000e+00)) ((-2.648e+01 -7.758e+01 3.190e+00) (5.447e-04 4.040e-02 7.138e-02) (0.000e+00 0.000e+00 0.000e+00))
33         	((-3.433e+00 -1.672e+00 -8.679e+01) (-1.622e-01 -2.031e-02 1.218e-02) (0.000e+00 0.000e+00 0.000e+00)) ((-2.665e+01 -7.711e+01 3.226e+00) (5.830e-04 4.049e-02 7.139e-02) (0.000e+00 0.000e+00 0.000e+00))
34         	((-3.395e+00 -1.714e+00 -8.681e+01) (-1.622e-01 -2.023e-02 1.223e-02) (0.000e+00 0.000e+00 0.000e+00)) ((-2.677e+01 -7.696e+01 3.262e+00) (6.126e-04 4.055e-02 7.138e-02) (0.000e+00 0.000e+00 0.000e+00))
35         	((-3.336e+00 -1.768e+00 -8.679e+01) (-1.622e-01 -2.019e-02 1.220e-02) (0.000e+00 0.000e+00 0.000e+00)) ((-2.697e+01 -7.665e+01 3.306e+00) (6.009e-04 4.058e-02 7.139e-02) (0.000e+00 0.000e+00 0.000e+00))
36         	((-3.322e+00 -1.813e+00 -8.686e+01) (-1.621e-01 -2.015e-02 1.218e-02) (0.000e+00 0.000e+00 0.000e+00)) ((-2.707e+01 -7.667e+01 3.350e+00) (5.872e-04 4.059e-02 7.139e-02) (0.000e+00 0.000e+00 0.000e+00))
37         	((-3.293e+00 -1.866e+00 -8.671e+01) (-1.622e-01 -2.011e-02 1.217e-02) (0.000e+00 0.000e+00 0.000e+00)) ((-2.716e+01 -7.645e+01 3.395e+00) (5.805e-04 4.060e-02 7.141e-02) (0.000e+00 0.000e+00 0.000e+00))
38         	((-3.286e+00 -1.910e+00 -8.651e+01) (-1.622e-01 -2.008e-02 1.215e-02) (0.000e+00 0.000e+00 0.000e+00)) ((-2.716e+01 -7.633e+01 3.436e+00) (5.728e-04 4.060e-02 7.144e-02) (0.000e+00 0.000e+00 0.000e+00))
39         	((-3.258e+00 -1.961e+00 -8.579e+01) (-1.622e-01 -2.004e-02 1.213e-02) (0.000e+00 0.000e+00 0.000e+00)) ((-2.703e+01 -7.577e+01 3.473e+00) (5.628e-04 4.059e-02 7.144e-02) (0.000e+00 0.000e+00 0.000e+00))
40         	((-3.255e+00 -2.005e+00 -8.529e+01) (-1.622e-01 -2.000e-02 1.213e-02) (0.000e+00 0.000e+00 0.000e+00)) ((-2.690e+01 -7.546e+01 3.511e+00) (5.679e-04 4.060e-02 7.146e-02) (0.000e+00 0.000e+00 0.000e+00))
41         	((-3.244e+00 -2.054e+00 -8.418e+01) (-1.622e-01 -1.991e-02 1.214e-02) (0.000e+00 0.000e+00 0.000e+00)) ((-2.661e+01 -7.472e+01 3.548e+00) (5.735e-04 4.062e-02 7.146e-02) (0.000e+00 0.000e+00 0.000e+00))
42         	((-3.252e+00 -2.092e+00 -8.370e+01) (-1.623e-01 -1.982e-02 1.214e-02) (0.000e+00 0.000e+00 0.000e+00)) ((-2.647e+01 -7.446e+01 3.585e+00) (5.865e-04 4.065e-02 7.151e-02) (0.000e+00 0.000e+00 0.000e+00))
43         	((-3.259e+00 -2.131e+00 -8.302e+01) (-1.625e-01 -1.967e-02 1.215e-02) (0.000e+00 0.000e+00 0.000e+00)) ((-2.629e+01 -7.409e+01 3.620e+00) (6.054e-04 4.070e-02 7.153e-02) (0.000e+00 0.000e+00 0.000e+00))
44         	((-3.263e+00 -2.161e+00 -8.232e+01) (-1.627e-01 -1.949e-02 1.216e-02) (0.000e+00 0.000e+00 0.000e+00)) ((-2.610e+01 -7.370e+01 3.646e+00) (6.294e-04 4.076e-02 7.158e-02) (0.000e+00 0.000e+00 0.000e+00))
45         	((-3.271e+00 -2.183e+00 -8.167e+01) (-1.630e-01 -1.927e-02 1.216e-02) (0.000e+00 0.000e+00 0.000e+00)) ((-2.593e+01 -7.337e+01 3.666e+00) (6.569e-04 4.083e-02 7.162e-02) (0.000e+00 0.000e+00 0.000e+00))
46         	((-3.286e+00 -2.198e+00 -8.114e+01) (-1.633e-01 -1.900e-02 1.218e-02) (0.000e+00 0.000e+00 0.000e+00)) ((-2.578e+01 -7.316e+01 3.681e+00) (7.011e-04 4.092e-02 7.163e-02) (0.000e+00 0.000e+00 0.000e+00))
47         	((-3.312e+00 -2.207e+00 -8.081e+01) (-1.637e-01 -1.870e-02 1.220e-02) (0.000e+00 0.000e+00 0.000e+00)) ((-2.569e+01 -7.312e+01 3.696e+00) (7.531e-04 4.103e-02 7.166e-02) (0.000e+00 0.000e+00 0.000e+00))
48         	((-3.344e+00 -2.215e+00 -8.077e+01) (-1.641e-01 -1.837e-02 1.222e-02) (0.000e+00 0.000e+00 0.000e+00)) ((-2.569e+01 -7.330e+01 3.711e+00) (8.096e-04 4.113e-02 7.167e-02) (0.000e+00 0.000e+00 0.000e+00))
49         	((-3.372e+00 -2.222e+00 -8.104e+01) (-1.645e-01 -1.802e-02 1.223e-02) (0.000e+00 0.000e+00 0.000e+00)) ((-2.579e+01 -7.363e+01 3.725e+00) (8.711e-04 4.124e-02 7.167e-02) (0.000e+00 0.000e+00 0.000e+00))
50         	((-3.387e+00 -2.232e+00 -8.152e+01) (-1.649e-01 -1.766e-02 1.224e-02) (0.000e+00 0.000e+00 0.000e+00)) ((-2.596e+01 -7.404e+01 3.738e+00) (9.339e-04 4.136e-02 7.168e-02) (0.000e+00 0.000e+00 0.000e+00))
51         	((-3.387e+00 -2.243e+00 -8.211e+01) (-1.654e-01 -1.730e-02 1.226e-02) (0.000e+00 0.000e+00 0.000e+00)) ((-2.618e+01 -7.446e+01 3.749e+00) (9.996e-04 4.150e-02 7.167e-02) (0.000e+00 0.000e+00 0.000e+00))
52         	((-3.382e+00 -2.254e+00 -8.274e+01) (-1.658e-01 -1.695e-02 1.227e-02) (0.000e+00 0.000e+00 0.000e+00)) ((-2.640e+01 -7.491e+01 3.760e+00) (1.059e-03 4.163e-02 7.166e-02) (0.000e+00 0.000e+00 0.000e+00))
53         	((-3.383e+00 -2.263e+00 -8.343e+01) (-1.662e-01 -1.659e-02 1.227e-02) (0.000e+00 0.000e+00 0.000e+00)) ((-2.663e+01 -7.542e+01 3.773e+00) (1.116e-03 4.175e-02 7.165e-02) (0.000e+00 0.000e+00 0.000e+00))
54         	((-3.399e+00 -2.271e+00 -8.417e+01) (-1.666e-01 -1.627e-02 1.228e-02) (0.000e+00 0.000e+00 0.000e+00)) ((-2.685e+01 -7.603e+01 3.793e+00) (1.169e-03 4.189e-02 7.164e-02) (0.000e+00 0.000e+00 0.000e+00))
55         	((-3.431e+00 -2.278e+00 -8.491e+01) (-1.671e-01 -1.596e-02 1.230e-02) (0.000e+00 0.000e+00 0.000e+00)) ((-2.704e+01 -7.671e+01 3.821e+00) (1.227e-03 4.203e-02 7.166e-02) (0.000e+00 0.000e+00 0.000e+00))
56         	((-3.476e+00 -2.285e+00 -8.560e+01) (-1.677e-01 -1.569e-02 1.231e-02) (0.000e+00 0.000e+00 0.000e+00)) ((-2.721e+01 -7.741e+01 3.855e+00) (1.273e-03 4.217e-02 7.171e-02) (0.000e+00 0.000e+00 0.000e+00))
57         	((-3.524e+00 -2.291e+00 -8.619e+01) (-1.683e-01 -1.543e-02 1.232e-02) (0.000e+00 0.000e+00 0.000e+00)) ((-2.733e+01 -7.804e+01 3.890e+00) (1.325e-03 4.232e-02 7.178e-02) (0.000e+00 0.000e+00 0.000e+00))
58         	((-3.567e+00 -2.297e+00 -8.669e+01) (-1.689e-01 -1.522e-02 1.234e-02) (0.000e+00 0.000e+00 0.000e+00)) ((-2.741e+01 -7.859e+01 3.924e+00) (1.367e-03 4.248e-02 7.191e-02) (0.000e+00 0.000e+00 0.000e+00))
59         	((-3.621e+00 -2.300e+00 -8.720e+01) (-1.696e-01 -1.506e-02 1.235e-02) (0.000e+00 0.000e+00 0.000e+00)) ((-2.748e+01 -7.921e+01 3.958e+00) (1.403e-03 4.263e-02 7.208e-02) (0.000e+00 0.000e+00 0.000e+00))
60         	((-3.629e+00 -2.306e+00 -8.735e+01) (-1.704e-01 -1.491e-02 1.238e-02) (0.000e+00 0.000e+00 0.000e+00)) ((-2.749e+01 -7.937e+01 3.978e+00) (1.440e-03 4.280e-02 7.230e-02) (0.000e+00 0.000e+00 0.000e+00))
61         	((-3.643e+00 -2.306e+00 -8.756e+01) (-1.712e-01 -1.477e-02 1.237e-02) (0.000e+00 0.000e+00 0.000e+00)) ((-2.751e+01 -7.960e+01 3.996e+00) (1.459e-03 4.295e-02 7.254e-02) (0.000e+00 0.000e+00 0.000e+00))
62         	((-3.639e+00 -2.309e+00 -8.772e+01) (-1.720e-01 -1.463e-02 1.236e-02) (0.000e+00 0.000e+00 0.000e+00)) ((-2.754e+01 -7.970e+01 4.006e+00) (1.479e-03 4.311e-02 7.278e-02) (0.000e+00 0.000e+00 0.000e+00))
63         	((-3.641e+00 -2.305e+00 -8.826e+01) (-1.729e-01 -1.449e-02 1.231e-02) (0.000e+00 0.000e+00 0.000e+00)) ((-2.767e+01 -8.010e+01 4.013e+00) (1.485e-03 4.325e-02 7.305e-02) (0.000e+00 0.000e+00 0.000e+00))
64         	((-3.633e+00 -2.306e+00 -8.862e+01) (-1.739e-01 -1.434e-02 1.227e-02) (0.000e+00 0.000e+00 0.000e+00)) ((-2.776e+01 -8.033e+01 4.014e+00) (1.494e-03 4.341e-02 7.335e-02) (0.000e+00 0.000e+00 0.000e+00))
65         	((-3.629e+00 -2.302e+00 -8.929e+01) (-1.750e-01 -1.419e-02 1.225e-02) (0.000e+00 0.000e+00 0.000e+00)) ((-2.791e+01 -8.080e+01 4.011e+00) (1.511e-03 4.358e-02 7.367e-02) (0.000e+00 0.000e+00 0.000e+00))
66         	((-3.639e+00 -2.299e+00 -9.022e+01) (-1.760e-01 -1.403e-02 1.220e-02) (0.000e+00 0.000e+00 0.000e+00)) ((-2.811e+01 -8.152e+01 4.011e+00) (1.524e-03 4.374e-02 7.400e-02) (0.000e+00 0.000e+00 0.000e+00))
67         	((-3.663e+00 -2.300e+00 -9.128e+01) (-1.771e-01 -1.386e-02 1.215e-02) (0.000e+00 0.000e+00 0.000e+00)) ((-2.832e+01 -8.237e+01 4.018e+00) (1.538e-03 4.391e-02 7.435e-02) (0.000e+00 0.000e+00 0.000e+00))
68         	((-3.698e+00 -2.305e+00 -9.230e+01) (-1.782e-01 -1.367e-02 1.210e-02) (0.000e+00 0.000e+00 0.000e+00)) ((-2.853e+01 -8.322e+01 4.033e+00) (1.559e-03 4.407e-02 7.468e-02) (0.000e+00 0.000e+00 0.000e+00))
69         	((-3.739e+00 -2.312e+00 -9.310e+01) (-1.792e-01 -1.344e-02 1.202e-02) (0.000e+00 0.000e+00 0.000e+00)) ((-2.867e+01 -8.392e+01 4.054e+00) (1.576e-03 4.422e-02 7.498e-02) (0.000e+00 0.000e+00 0.000e+00))
70         	((-3.781e+00 -2.319e+00 -9.362e+01) (-1.803e-01 -1.317e-02 1.195e-02) (0.000e+00 0.000e+00 0.000e+00)) ((-2.876e+01 -8.440e+01 4.077e+00) (1.596e-03 4.437e-02 7.526e-02) (0.000e+00 0.000e+00 0.000e+00))
71         	((-3.822e+00 -2.324e+00 -9.391e+01) (-1.813e-01 -1.285e-02 1.186e-02) (0.000e+00 0.000e+00 0.000e+00)) ((-2.878e+01 -8.469e+01 4.100e+00) (1.616e-03 4.453e-02 7.550e-02) (0.000e+00 0.000e+00 0.000e+00))
72         	((-3.862e+00 -2.325e+00 -9.408e+01) (-1.823e-01 -1.249e-02 1.180e-02) (0.000e+00 0.000e+00 0.000e+00)) ((-2.879e+01 -8.491e+01 4.120e+00) (1.656e-03 4.472e-02 7.570e-02) (0.000e+00 0.000e+00 0.000e+00))
73         	((-3.907e+00 -2.321e+00 -9.429e+01) (-1.833e-01 -1.210e-02 1.177e-02) (0.000e+00 0.000e+00 0.000e+00)) ((-2.881e+01 -8.519e+01 4.140e+00) (1.712e-03 4.492e-02 7.587e-02) (0.000e+00 0.000e+00 0.000e+00))
74         	((-3.959e+00 -2.315e+00 -9.464e+01) (-1.843e-01 -1.171e-02 1.172e-02) (0.000e+00 0.000e+00 0.000e+00)) ((-2.889e+01 -8.563e+01 4.158e+00) (1.760e-03 4.513e-02 7.606e-02) (0.000e+00 0.000e+00 0.000e+00))
75         	((-4.016e+00 -2.306e+00 -9.522e+01) (-1.855e-01 -1.137e-02 1.166e-02) (0.000e+00 0.000e+00 0.000e+00)) ((-2.903e+01 -8.629e+01 4.175e+00) (1.796e-03 4.531e-02 7.628e-02) (0.000e+00 0.000e+00 0.000e+00))
76         	((-4.076e+00 -2.297e+00 -9.609e+01) (-1.867e-01 -1.111e-02 1.162e-02) (0.000e+00 0.000e+00 0.000e+00)) ((-2.927e+01 -8.721e+01 4.189e+00) (1.829e-03 4.550e-02 7.656e-02) (0.000e+00 0.000e+00 0.000e+00))
77         	((-4.132e+00 -2.288e+00 -9.725e+01) (-1.880e-01 -1.098e-02 1.158e-02) (0.000e+00 0.000e+00 0.000e+00)) ((-2.960e+01 -8.833e+01 4.201e+00) (1.845e-03 4.572e-02 7.693e-02) (0.000e+00 0.000e+00 0.000e+00))
78         	((-4.186e+00 -2.278e+00 -9.861e+01) (-1.894e-01 -1.097e-02 1.153e-02) (0.000e+00 0.000e+00 0.000e+00)) ((-3.001e+01 -8.961e+01 4.211e+00) (1.838e-03 4.593e-02 7.741e-02) (0.000e+00 0.000e+00 0.000e+00))
79         	((-4.238e+00 -2.270e+00 -1.001e+02) (-1.910e-01 -1.108e-02 1.148e-02) (0.000e+00 0.000e+00 0.000e+00)) ((-3.046e+01 -9.092e+01 4.222e+00) (1.810e-03 4.617e-02 7.798e-02) (0.000e+00 0.000e+00 0.000e+00))
80         	((-4.289e+00 -2.261e+00 -1.015e+02) (-1.926e-01 -1.127e-02 1.144e-02) (0.000e+00 0.000e+00 0.000e+00)) ((-3.092e+01 -9.220e+01 4.232e+00) (1.766e-03 4.642e-02 7.860e-02) (0.000e+00 0.000e+00 0.000e+00))
81         	((-4.338e+00 -2.250e+00 -1.029e+02) (-1.942e-01 -1.146e-02 1.141e-02) (0.000e+00 0.000e+00 0.000e+00)) ((-3.139e+01 -9.341e+01 4.241e+00) (1.726e-03 4.671e-02 7.924e-02) (0.000e+00 0.000e+00 0.000e+00))
82         	((-4.383e+00 -2.240e+00 -1.041e+02) (-1.959e-01 -1.168e-02 1.134e-02) (0.000e+00 0.000e+00 0.000e+00)) ((-3.181e+01 -9.444e+01 4.250e+00) (1.662e-03 4.697e-02 7.988e-02) (0.000e+00 0.000e+00 0.000e+00))
83         	((-4.418e+00 -2.229e+00 -1.050e+02) (-1.976e-01 -1.191e-02 1.129e-02) (0.000e+00 0.000e+00 0.000e+00)) ((-3.213e+01 -9.519e+01 4.256e+00) (1.601e-03 4.726e-02 8.053e-02) (0.000e+00 0.000e+00 0.000e+00))
84         	((-4.442e+00 -2.216e+00 -1.054e+02) (-1.993e-01 -1.214e-02 1.122e-02) (0.000e+00 0.000e+00 0.000e+00)) ((-3.234e+01 -9.561e+01 4.256e+00) (1.537e-03 4.750e-02 8.117e-02) (0.000e+00 0.000e+00 0.000e+00))
85         	((-4.453e+00 -2.202e+00 -1.055e+02) (-2.010e-01 -1.239e-02 1.119e-02) (0.000e+00 0.000e+00 0.000e+00)) ((-3.243e+01 -9.573e+01 4.251e+00) (1.496e-03 4.778e-02 8.183e-02) (0.000e+00 0.000e+00 0.000e+00))
86         	((-4.453e+00 -2.186e+00 -1.053e+02) (-2.027e-01 -1.259e-02 1.114e-02) (0.000e+00 0.000e+00 0.000e+00)) ((-3.243e+01 -9.565e+01 4.239e+00) (1.457e-03 4.804e-02 8.246e-02) (0.000e+00 0.000e+00 0.000e+00))
87         	((-4.443e+00 -2.167e+00 -1.050e+02) (-2.045e-01 -1.278e-02 1.114e-02) (0.000e+00 0.000e+00 0.000e+00)) ((-3.238e+01 -9.545e+01 4.219e+00) (1.445e-03 4.837e-02 8.318e-02) (0.000e+00 0.000e+00 0.000e+00))
88         	((-4.431e+00 -2.146e+00 -1.048e+02) (-2.064e-01 -1.287e-02 1.105e-02) (0.000e+00 0.000e+00 0.000e+00)) ((-3.234e+01 -9.530e+01 4.194e+00) (1.395e-03 4.861e-02 8.382e-02) (0.000e+00 0.000e+00 0.000e+00))
89         	((-4.425e+00 -2.123e+00 -1.048e+02) (-2.083e-01 -1.295e-02 1.105e-02) (0.000e+00 0.000e+00 0.000e+00)) ((-3.238e+01 -9.534e+01 4.168e+00) (1.411e-03 4.901e-02 8.452e-02) (0.000e+00 0.000e+00 0.000e+00))
90         	((-4.430e+00 -2.102e+00 -1.052e+02) (-2.102e-01 -1.301e-02 1.089e-02) (0.000e+00 0.000e+00 0.000e+00)) ((-3.250e+01 -9.562e+01 4.144e+00) (1.319e-03 4.922e-02 8.523e-02) (0.000e+00 0.000e+00 0.000e+00))
91         	((-4.446e+00 -2.083e+00 -1.058e+02) (-2.122e-01 -1.299e-02 1.079e-02) (0.000e+00 0.000e+00 0.000e+00)) ((-3.270e+01 -9.617e+01 4.124e+00) (1.289e-03 4.957e-02 8.589e-02) (0.000e+00 0.000e+00 0.000e+00))
92         	((-4.471e+00 -2.070e+00 -1.067e+02) (-2.142e-01 -1.285e-02 1.063e-02) (0.000e+00 0.000e+00 0.000e+00)) ((-3.298e+01 -9.695e+01 4.109e+00) (1.238e-03 4.982e-02 8.651e-02) (0.000e+00 0.000e+00 0.000e+00))
93         	((-4.501e+00 -2.062e+00 -1.078e+02) (-2.162e-01 -1.269e-02 1.052e-02) (0.000e+00 0.000e+00 0.000e+00)) ((-3.331e+01 -9.790e+01 4.101e+00) (1.239e-03 5.016e-02 8.718e-02) (0.000e+00 0.000e+00 0.000e+00))
94         	((-4.529e+00 -2.060e+00 -1.089e+02) (-2.183e-01 -1.238e-02 1.039e-02) (0.000e+00 0.000e+00 0.000e+00)) ((-3.364e+01 -9.892e+01 4.097e+00) (1.235e-03 5.044e-02 8.776e-02) (0.000e+00 0.000e+00 0.000e+00))
95         	((-4.550e+00 -2.063e+00 -1.100e+02) (-2.205e-01 -1.203e-02 1.028e-02) (0.000e+00 0.000e+00 0.000e+00)) ((-3.396e+01 -9.991e+01 4.098e+00) (1.269e-03 5.082e-02 8.838e-02) (0.000e+00 0.000e+00 0.000e+00))
96         	((-4.561e+00 -2.071e+00 -1.110e+02) (-2.228e-01 -1.162e-02 1.015e-02) (0.000e+00 0.000e+00 0.000e+00)) ((-3.424e+01 -1.008e+02 4.101e+00) (1.284e-03 5.115e-02 8.900e-02) (0.000e+00 0.000e+00 0.000e+00))
97         	((-4.562e+00 -2.082e+00 -1.118e+02) (-2.252e-01 -1.115e-02 1.005e-02) (0.000e+00 0.000e+00 0.000e+00)) ((-3.447e+01 -1.015e+02 4.105e+00) (1.337e-03 5.152e-02 8.961e-02) (0.000e+00 0.000e+00 0.000e+00))
98         	((-4.556e+00 -2.097e+00 -1.124e+02) (-2.277e-01 -1.070e-02 9.982e-03) (0.000e+00 0.000e+00 0.000e+00)) ((-3.465e+01 -1.020e+02 4.112e+00) (1.401e-03 5.192e-02 9.023e-02) (0.000e+00 0.000e+00 0.000e+00))
99         	((-4.544e+00 -2.115e+00 -1.130e+02) (-2.305e-01 -1.028e-02 9.873e-03) (0.000e+00 0.000e+00 0.000e+00)) ((-3.482e+01 -1.025e+02 4.121e+00) (1.443e-03 5.235e-02 9.100e-02) (0.000e+00 0.000e+00 0.000e+00))
100        	((-4.529e+00 -2.134e+00 -1.135e+02) (-2.336e-01 -9.902e-03 9.774e-03) (0.000e+00 0.000e+00 0.000e+00)) ((-3.499e+01 -1.030e+02 4.130e+00) (1.476e-03 5.284e-02 9.189e-02) (0.000e+00 0.000e+00 0.000e+00))
101        	((-4.515e+00 -2.152e+00 -1.142e+02) (-2.369e-01 -9.617e-03 9.650e-03) (0.000e+00 0.000e+00 0.000e+00)) ((-3.519e+01 -1.036e+02 4.139e+00) (1.488e-03 5.333e-02 9.284e-02) (0.000e+00 0.000e+00 0.000e+00))
102        	((-4.502e+00 -2.167e+00 -1.149e+02) (-2.402e-01 -9.454e-03 9.563e-03) (0.000e+00 0.000e+00 0.000e+00)) ((-3.541e+01 -1.042e+02 4.148e+00) (1.502e-03 5.386e-02 9.390e-02) (0.000e+00 0.000e+00 0.000e+00))
103        	((-4.494e+00 -2.179e+00 -1.157e+02) (-2.438e-01 -9.412e-03 9.515e-03) (0.000e+00 0.000e+00 0.000e+00)) ((-3.564e+01 -1.049e+02 4.157e+00) (1.520e-03 5.444e-02 9.509e-02) (0.000e+00 0.000e+00 0.000e+00))
104        	((-4.495e+00 -2.185e+00 -1.165e+02) (-2.474e-01 -9.423e-03 9.441e-03) (0.000e+00 0.000e+00 0.000e+00)) ((-3.586e+01 -1.055e+02 4.167e+00) (1.512e-03 5.502e-02 9.637e-02) (0.000e+00 0.000e+00 0.000e+00))
105        	((-4.506e+00 -2.188e+00 -1.172e+02) (-2.512e-01 -9.517e-03 9.325e-03) (0.000e+00 0.000e+00 0.000e+00)) ((-3.603e+01 -1.062e+02 4.179e+00) (1.461e-03 5.562e-02 9.777e-02) (0.000e+00 0.000e+00 0.000e+00))
106        	((-4.522e+00 -2.186e+00 -1.176e+02) (-2.553e-01 -9.701e-03 9.185e-03) (0.000e+00 0.000e+00 0.000e+00)) ((-3.610e+01 -1.067e+02 4.192e+00) (1.378e-03 5.624e-02 9.931e-02) (0.000e+00 0.000e+00 0.000e+00))
107        	((-4.538e+00 -2.182e+00 -1.178e+02) (-2.594e-01 -9.969e-03 9.038e-03) (0.000e+00 0.000e+00 0.000e+00)) ((-3.606e+01 -1.069e+02 4.204e+00) (1.272e-03 5.687e-02 1.009e-01) (0.000e+00 0.000e+00 0.000e+00))
108        	((-4.542e+00 -2.176e+00 -1.175e+02) (-2.636e-01 -1.035e-02 8.932e-03) (0.000e+00 0.000e+00 0.000e+00)) ((-3.589e+01 -1.067e+02 4.213e+00) (1.168e-03 5.753e-02 1.027e-01) (0.000e+00 0.000e+00 0.000e+00))
109        	((-4.529e+00 -2.169e+00 -1.169e+02) (-2.679e-01 -1.080e-02 8.851e-03) (0.000e+00 0.000e+00 0.000e+00)) ((-3.560e+01 -1.061e+02 4.216e+00) (1.061e-03 5.820e-02 1.045e-01) (0.000e+00 0.000e+00 0.000e+00))
110        	((-4.500e+00 -2.162e+00 -1.160e+02) (-2.723e-01 -1.132e-02 8.767e-03) (0.000e+00 0.000e+00 0.000e+00)) ((-3.521e+01 -1.052e+02 4.214e+00) (9.334e-04 5.886e-02 1.065e-01) (0.000e+00 0.000e+00 0.000e+00))
111        	((-4.459e+00 -2.154e+00 -1.149e+02) (-2.767e-01 -1.194e-02 8.691e-03) (0.000e+00 0.000e+00 0.000e+00)) ((-3.480e+01 -1.041e+02 4.207e+00) (7.956e-04 5.951e-02 1.085e-01) (0.000e+00 0.000e+00 0.000e+00))
112        	((-4.416e+00 -2.149e+00 -1.138e+02) (-2.811e-01 -1.259e-02 8.628e-03) (0.000e+00 0.000e+00 0.000e+00)) ((-3.441e+01 -1.030e+02 4.199e+00) (6.475e-04 6.015e-02 1.106e-01) (0.000e+00 0.000e+00 0.000e+00))
113        	((-4.378e+00 -2.148e+00 -1.129e+02) (-2.853e-01 -1.328e-02 8.576e-03) (0.000e+00 0.000e+00 0.000e+00)) ((-3.410e+01 -1.019e+02 4.194e+00) (5.017e-04 6.077e-02 1.127e-01) (0.000e+00 0.000e+00 0.000e+00))
114        	((-4.356e+00 -2.149e+00 -1.123e+02) (-2.895e-01 -1.397e-02 8.537e-03) (0.000e+00 0.000e+00 0.000e+00)) ((-3.396e+01 -1.013e+02 4.192e+00) (3.582e-04 6.140e-02 1.148e-01) (0.000e+00 0.000e+00 0.000e+00))
115        	((-4.357e+00 -2.154e+00 -1.123e+02) (-2.934e-01 -1.465e-02 8.522e-03) (0.000e+00 0.000e+00 0.000e+00)) ((-3.399e+01 -1.011e+02 4.197e+00) (2.327e-04 6.202e-02 1.168e-01) (0.000e+00 0.000e+00 0.000e+00))
116        	((-4.382e+00 -2.161e+00 -1.127e+02) (-2.972e-01 -1.533e-02 8.540e-03) (0.000e+00 0.000e+00 0.000e+00)) ((-3.418e+01 -1.015e+02 4.210e+00) (1.212e-04 6.266e-02 1.188e-01) (0.000e+00 0.000e+00 0.000e+00))
117        	((-4.424e+00 -2.170e+00 -1.135e+02) (-3.008e-01 -1.599e-02 8.619e-03) (0.000e+00 0.000e+00 0.000e+00)) ((-3.447e+01 -1.021e+02 4.227e+00) (4.897e-05 6.330e-02 1.207e-01) (0.000e+00 0.000e+00 0.000e+00))
118        	((-4.472e+00 -2.179e+00 -1.143e+02) (-3.041e-01 -1.662e-02 8.758e-03) (0.000e+00 0.000e+00 0.000e+00)) ((-3.480e+01 -1.029e+02 4.245e+00) (1.297e-05 6.396e-02 1.225e-01) (0.000e+00 0.000e+00 0.000e+00))
119        	((-4.517e+00 -2.189e+00 -1.151e+02) (-3.072e-01 -1.720e-02 8.929e-03) (0.000e+00 0.000e+00 0.000e+00)) ((-3.512e+01 -1.036e+02 4.261e+00) (3.604e-06 6.459e-02 1.241e-01) (0.000e+00 0.000e+00 0.000e+00))
120        	((-4.558e+00 -2.198e+00 -1.157e+02) (-3.102e-01 -1.779e-02 9.163e-03) (0.000e+00 0.000e+00 0.000e+00)) ((-3.542e+01 -1.043e+02 4.276e+00) (3.375e-05 6.525e-02 1.256e-01) (0.000e+00 0.000e+00 0.000e+00))
121        	((-4.590e+00 -2.209e+00 -1.162e+02) (-3.130e-01 -1.839e-02 9.378e-03) (0.000e+00 0.000e+00 0.000e+00)) ((-3.569e+01 -1.047e+02 4.287e+00) (5.197e-05 6.588e-02 1.271e-01) (0.000e+00 0.000e+00 0.000e+00))
122        	((-4.612e+00 -2.220e+00 -1.166e+02) (-3.159e-01 -1.902e-02 9.577e-03) (0.000e+00 0.000e+00 0.000e+00)) ((-3.592e+01 -1.051e+02 4.295e+00) (4.600e-05 6.652e-02 1.286e-01) (0.000e+00 0.000e+00 0.000e+00))
123        	((-4.623e+00 -2.232e+00 -1.168e+02) (-3.187e-01 -1.971e-02 9.638e-03) (0.000e+00 0.000e+00 0.000e+00)) ((-3.611e+01 -1.053e+02 4.300e+00) (-6.102e-05 6.706e-02 1.302e-01) (0.000e+00 0.000e+00 0.000e+00))
124        	((-4.627e+00 -2.245e+00 -1.168e+02) (-3.215e-01 -2.046e-02 9.698e-03) (0.000e+00 0.000e+00 0.000e+00)) ((-3.625e+01 -1.053e+02 4.304e+00) (-1.840e-04 6.761e-02 1.318e-01) (0.000e+00 0.000e+00 0.000e+00))
125        	((-4.625e+00 -2.258e+00 -1.167e+02) (-3.243e-01 -2.124e-02 9.715e-03) (0.000e+00 0.000e+00 0.000e+00)) ((-3.633e+01 -1.052e+02 4.309e+00) (-3.400e-04 6.814e-02 1.334e-01) (0.000e+00 0.000e+00 0.000e+00))
126        	((-4.618e+00 -2.274e+00 -1.164e+02) (-3.271e-01 -2.202e-02 9.690e-03) (0.000e+00 0.000e+00 0.000e+00)) ((-3.632e+01 -1.049e+02 4.317e+00) (-5.217e-04 6.863e-02 1.351e-01) (0.000e+00 0.000e+00 0.000e+00))
127        	((-4.606e+00 -2.291e+00 -1.159e+02) (-3.298e-01 -2.279e-02 9.645e-03) (0.000e+00 0.000e+00 0.000e+00)) ((-3.625e+01 -1.045e+02 4.328e+00) (-7.116e-04 6.909e-02 1.368e-01) (0.000e+00 0.000e+00 0.000e+00))
128        	((-4.591e+00 -2.313e+00 -1.152e+02) (-3.324e-01 -2.358e-02 9.620e-03) (0.000e+00 0.000e+00 0.000e+00)) ((-3.611e+01 -1.040e+02 4.345e+00) (-8.929e-04 6.952e-02 1.386e-01) (0.000e+00 0.000e+00 0.000e+00))
129        	((-4.571e+00 -2.339e+00 -1.145e+02) (-3.350e-01 -2.443e-02 9.652e-03) (0.000e+00 0.000e+00 0.000e+00)) ((-3.592e+01 -1.033e+02 4.367e+00) (-1.045e-03 6.997e-02 1.404e-01) (0.000e+00 0.000e+00 0.000e+00))
130        	((-4.548e+00 -2.370e+00 -1.136e+02) (-3.377e-01 -2.536e-02 9.664e-03) (0.000e+00 0.000e+00 0.000e+00)) ((-3.570e+01 -1.025e+02 4.394e+00) (-1.220e-03 7.042e-02 1.423e-01) (0.000e+00 0.000e+00 0.000e+00))
131        	((-4.522e+00 -2.405e+00 -1.126e+02) (-3.405e-01 -2.628e-02 9.668e-03) (0.000e+00 0.000e+00 0.000e+00)) ((-3.546e+01 -1.017e+02 4.426e+00) (-1.395e-03 7.089e-02 1.444e-01) (0.000e+00 0.000e+00 0.000e+00))
132        	((-4.495e+00 -2.443e+00 -1.117e+02) (-3.434e-01 -2.716e-02 9.675e-03) (0.000e+00 0.000e+00 0.000e+00)) ((-3.523e+01 -1.010e+02 4.461e+00) (-1.557e-03 7.139e-02 1.466e-01) (0.000e+00 0.000e+00 0.000e+00))
133        	((-4.467e+00 -2.482e+00 -1.109e+02) (-3.465e-01 -2.800e-02 9.678e-03) (0.000e+00 0.000e+00 0.000e+00)) ((-3.503e+01 -1.003e+02 4.498e+00) (-1.712e-03 7.193e-02 1.488e-01) (0.000e+00 0.000e+00 0.000e+00))
134        	((-4.442e+00 -2.519e+00 -1.102e+02) (-3.497e-01 -2.876e-02 9.695e-03) (0.000e+00 0.000e+00 0.000e+00)) ((-3.487e+01 -9.968e+01 4.535e+00) (-1.843e-03 7.251e-02 1.510e-01) (0.000e+00 0.000e+00 0.000e+00))
135        	((-4.420e+00 -2.553e+00 -1.095e+02) (-3.529e-01 -2.945e-02 9.730e-03) (0.000e+00 0.000e+00 0.000e+00)) ((-3.472e+01 -9.915e+01 4.568e+00) (-1.949e-03 7.313e-02 1.533e-01) (0.000e+00 0.000e+00 0.000e+00))
136        	((-4.404e+00 -2.580e+00 -1.089e+02) (-3.563e-01 -3.009e-02 9.773e-03) (0.000e+00 0.000e+00 0.000e+00)) ((-3.458e+01 -9.866e+01 4.596e+00) (-2.047e-03 7.377e-02 1.556e-01) (0.000e+00 0.000e+00 0.000e+00))
137        	((-4.394e+00 -2.599e+00 -1.083e+02) (-3.598e-01 -3.066e-02 9.788e-03) (0.000e+00 0.000e+00 0.000e+00)) ((-3.442e+01 -9.821e+01 4.618e+00) (-2.142e-03 7.441e-02 1.579e-01) (0.000e+00 0.000e+00 0.000e+00))
138        	((-4.395e+00 -2.610e+00 -1.077e+02) (-3.635e-01 -3.116e-02 9.845e-03) (0.000e+00 0.000e+00 0.000e+00)) ((-3.425e+01 -9.780e+01 4.633e+00) (-2.205e-03 7.511e-02 1.602e-01) (0.000e+00 0.000e+00 0.000e+00))
139        	((-4.402e+00 -2.611e+00 -1.071e+02) (-3.673e-01 -3.159e-02 9.945e-03) (0.000e+00 0.000e+00 0.000e+00)) ((-3.409e+01 -9.744e+01 4.639e+00) (-2.235e-03 7.586e-02 1.626e-01) (0.000e+00 0.000e+00 0.000e+00))
140        	((-4.412e+00 -2.604e+00 -1.066e+02) (-3.711e-01 -3.195e-02 1.007e-02) (0.000e+00 0.000e+00 0.000e+00)) ((-3.392e+01 -9.713e+01 4.635e+00) (-2.238e-03 7.666e-02 1.649e-01) (0.000e+00 0.000e+00 0.000e+00))
141        	((-4.423e+00 -2.587e+00 -1.061e+02) (-3.751e-01 -3.225e-02 1.017e-02) (0.000e+00 0.000e+00 0.000e+00)) ((-3.376e+01 -9.683e+01 4.622e+00) (-2.247e-03 7.746e-02 1.671e-01) (0.000e+00 0.000e+00 0.000e+00))
142        	((-4.428e+00 -2.564e+00 -1.056e+02) (-3.790e-01 -3.252e-02 1.026e-02) (0.000e+00 0.000e+00 0.000e+00)) ((-3.359e+01 -9.651e+01 4.600e+00) (-2.259e-03 7.827e-02 1.694e-01) (0.000e+00 0.000e+00 0.000e+00))
143        	((-4.427e+00 -2.537e+00 -1.051e+02) (-3.830e-01 -3.281e-02 1.040e-02) (0.000e+00 0.000e+00 0.000e+00)) ((-3.340e+01 -9.614e+01 4.571e+00) (-2.253e-03 7.914e-02 1.716e-01) (0.000e+00 0.000e+00 0.000e+00))
144        	((-4.416e+00 -2.507e+00 -1.045e+02) (-3.870e-01 -3.316e-02 1.055e-02) (0.000e+00 0.000e+00 0.000e+00)) ((-3.318e+01 -9.570e+01 4.538e+00) (-2.246e-03 8.003e-02 1.739e-01) (0.000e+00 0.000e+00 0.000e+00))
145        	((-4.396e+00 -2.477e+00 -1.039e+02) (-3.911e-01 -3.356e-02 1.070e-02) (0.000e+00 0.000e+00 0.000e+00)) ((-3.294e+01 -9.516e+01 4.502e+00) (-2.257e-03 8.094e-02 1.762e-01) (0.000e+00 0.000e+00 0.000e+00))
146        	((-4.367e+00 -2.449e+00 -1.033e+02) (-3.952e-01 -3.403e-02 1.083e-02) (0.000e+00 0.000e+00 0.000e+00)) ((-3.268e+01 -9.457e+01 4.465e+00) (-2.296e-03 8.181e-02 1.785e-01) (0.000e+00 0.000e+00 0.000e+00))
147        	((-4.329e+00 -2.424e+00 -1.027e+02) (-3.992e-01 -3.458e-02 1.095e-02) (0.000e+00 0.000e+00 0.000e+00)) ((-3.241e+01 -9.393e+01 4.431e+00) (-2.358e-03 8.268e-02 1.810e-01) (0.000e+00 0.000e+00 0.000e+00))
148        	((-4.284e+00 -2.404e+00 -1.020e+02) (-4.033e-01 -3.519e-02 1.108e-02) (0.000e+00 0.000e+00 0.000e+00)) ((-3.215e+01 -9.326e+01 4.401e+00) (-2.436e-03 8.351e-02 1.834e-01) (0.000e+00 0.000e+00 0.000e+00))
149        	((-4.232e+00 -2.389e+00 -1.014e+02) (-4.073e-01 -3.590e-02 1.121e-02) (0.000e+00 0.000e+00 0.000e+00)) ((-3.189e+01 -9.255e+01 4.375e+00) (-2.532e-03 8.434e-02 1.860e-01) (0.000e+00 0.000e+00 0.000e+00))
150        	((-4.173e+00 -2.382e+00 -1.009e+02) (-4.113e-01 -3.668e-02 1.132e-02) (0.000e+00 0.000e+00 0.000e+00)) ((-3.165e+01 -9.184e+01 4.354e+00) (-2.658e-03 8.513e-02 1.886e-01) (0.000e+00 0.000e+00 0.000e+00))
151        	((-4.110e+00 -2.381e+00 -1.004e+02) (-4.153e-01 -3.754e-02 1.143e-02) (0.000e+00 0.000e+00 0.000e+00)) ((-3.144e+01 -9.116e+01 4.340e+00) (-2.802e-03 8.589e-02 1.912e-01) (0.000e+00 0.000e+00 0.000e+00))
152        	((-4.044e+00 -2.387e+00 -9.996e+01) (-4.192e-01 -3.844e-02 1.154e-02) (0.000e+00 0.000e+00 0.000e+00)) ((-3.126e+01 -9.052e+01 4.332e+00) (-2.951e-03 8.665e-02 1.939e-01) (0.000e+00 0.000e+00 0.000e+00))
153        	((-3.978e+00 -2.398e+00 -9.962e+01) (-4.231e-01 -3.945e-02 1.170e-02) (0.000e+00 0.000e+00 0.000e+00)) ((-3.112e+01 -8.995e+01 4.329e+00) (-3.096e-03 8.743e-02 1.966e-01) (0.000e+00 0.000e+00 0.000e+00))
154        	((-3.915e+00 -2.413e+00 -9.937e+01) (-4.268e-01 -4.047e-02 1.188e-02) (0.000e+00 0.000e+00 0.000e+00)) ((-3.103e+01 -8.948e+01 4.331e+00) (-3.222e-03 8.820e-02 1.993e-01) (0.000e+00 0.000e+00 0.000e+00))
155        	((-3.856e+00 -2.431e+00 -9.923e+01) (-4.304e-01 -4.150e-02 1.212e-02) (0.000e+00 0.000e+00 0.000e+00)) ((-3.099e+01 -8.910e+01 4.336e+00) (-3.315e-03 8.901e-02 2.019e-01) (0.000e+00 0.000e+00 0.000e+00))
156        	((-3.802e+00 -2.451e+00 -9.916e+01) (-4.338e-01 -4.248e-02 1.239e-02) (0.000e+00 0.000e+00 0.000e+00)) ((-3.098e+01 -8.880e+01 4.342e+00) (-3.384e-03 8.982e-02 2.043e-01) (0.000e+00 0.000e+00 0.000e+00))
157        	((-3.755e+00 -2.472e+00 -9.916e+01) (-4.371e-01 -4.341e-02 1.270e-02) (0.000e+00 0.000e+00 0.000e+00)) ((-3.101e+01 -8.858e+01 4.350e+00) (-3.421e-03 9.067e-02 2.066e-01) (0.000e+00 0.000e+00 0.000e+00))
158        	((-3.718e+00 -2.491e+00 -9.926e+01) (-4.404e-01 -4.428e-02 1.301e-02) (0.000e+00 0.000e+00 0.000e+00)) ((-3.108e+01 -8.847e+01 4.358e+00) (-3.441e-03 9.150e-02 2.088e-01) (0.000e+00 0.000e+00 0.000e+00))
159        	((-3.692e+00 -2.507e+00 -9.944e+01) (-4.437e-01 -4.512e-02 1.337e-02) (0.000e+00 0.000e+00 0.000e+00)) ((-3.117e+01 -8.847e+01 4.364e+00) (-3.433e-03 9.237e-02 2.109e-01) (0.000e+00 0.000e+00 0.000e+00))
160        	((-3.678e+00 -2.519e+00 -9.971e+01) (-4.468e-01 -4.592e-02 1.374e-02) (0.000e+00 0.000e+00 0.000e+00)) ((-3.128e+01 -8.859e+01 4.367e+00) (-3.409e-03 9.322e-02 2.129e-01) (0.000e+00 0.000e+00 0.000e+00))
161        	((-3.676e+00 -2.523e+00 -1.001e+02) (-4.497e-01 -4.664e-02 1.414e-02) (0.000e+00 0.000e+00 0.000e+00)) ((-3.143e+01 -8.885e+01 4.364e+00) (-3.363e-03 9.408e-02 2.146e-01) (0.000e+00 0.000e+00 0.000e+00))
162        	((-3.683e+00 -2.519e+00 -1.005e+02) (-4.525e-01 -4.729e-02 1.452e-02) (0.000e+00 0.000e+00 0.000e+00)) ((-3.160e+01 -8.921e+01 4.354e+00) (-3.316e-03 9.490e-02 2.162e-01) (0.000e+00 0.000e+00 0.000e+00))
163        	((-3.696e+00 -2.506e+00 -1.011e+02) (-4.552e-01 -4.785e-02 1.492e-02) (0.000e+00 0.000e+00 0.000e+00)) ((-3.179e+01 -8.966e+01 4.336e+00) (-3.248e-03 9.573e-02 2.176e-01) (0.000e+00 0.000e+00 0.000e+00))
164        	((-3.712e+00 -2.485e+00 -1.017e+02) (-4.578e-01 -4.835e-02 1.530e-02) (0.000e+00 0.000e+00 0.000e+00)) ((-3.201e+01 -9.015e+01 4.310e+00) (-3.185e-03 9.655e-02 2.189e-01) (0.000e+00 0.000e+00 0.000e+00))
165        	((-3.725e+00 -2.458e+00 -1.022e+02) (-4.604e-01 -4.878e-02 1.569e-02) (0.000e+00 0.000e+00 0.000e+00)) ((-3.221e+01 -9.060e+01 4.276e+00) (-3.105e-03 9.738e-02 2.201e-01) (0.000e+00 0.000e+00 0.000e+00))
166        	((-3.733e+00 -2.426e+00 -1.027e+02) (-4.630e-01 -4.914e-02 1.606e-02) (0.000e+00 0.000e+00 0.000e+00)) ((-3.238e+01 -9.095e+01 4.236e+00) (-3.028e-03 9.817e-02 2.212e-01) (0.000e+00 0.000e+00 0.000e+00))
167        	((-3.735e+00 -2.391e+00 -1.030e+02) (-4.655e-01 -4.947e-02 1.647e-02) (0.000e+00 0.000e+00 0.000e+00)) ((-3.249e+01 -9.115e+01 4.192e+00) (-2.930e-03 9.903e-02 2.223e-01) (0.000e+00 0.000e+00 0.000e+00))
168        	((-3.731e+00 -2.356e+00 -1.030e+02) (-4.682e-01 -4.973e-02 1.684e-02) (0.000e+00 0.000e+00 0.000e+00)) ((-3.253e+01 -9.117e+01 4.148e+00) (-2.841e-03 9.985e-02 2.233e-01) (0.000e+00 0.000e+00 0.000e+00))
169        	((-3.723e+00 -2.322e+00 -1.029e+02) (-4.709e-01 -4.995e-02 1.729e-02) (0.000e+00 0.000e+00 0.000e+00)) ((-3.249e+01 -9.101e+01 4.105e+00) (-2.710e-03 1.008e-01 2.243e-01) (0.000e+00 0.000e+00 0.000e+00))
170        	((-3.712e+00 -2.291e+00 -1.026e+02) (-4.737e-01 -5.011e-02 1.769e-02) (0.000e+00 0.000e+00 0.000e+00)) ((-3.238e+01 -9.067e+01 4.066e+00) (-2.600e-03 1.017e-01 2.254e-01) (0.000e+00 0.000e+00 0.000e+00))
171        	((-3.702e+00 -2.264e+00 -1.021e+02) (-4.766e-01 -5.026e-02 1.813e-02) (0.000e+00 0.000e+00 0.000e+00)) ((-3.221e+01 -9.023e+01 4.034e+00) (-2.483e-03 1.027e-01 2.264e-01) (0.000e+00 0.000e+00 0.000e+00))
172        	((-3.697e+00 -2.244e+00 -1.016e+02) (-4.796e-01 -5.044e-02 1.852e-02) (0.000e+00 0.000e+00 0.000e+00)) ((-3.201e+01 -8.977e+01 4.011e+00) (-2.392e-03 1.037e-01 2.275e-01) (0.000e+00 0.000e+00 0.000e+00))
173        	((-3.698e+00 -2.230e+00 -1.011e+02) (-4.828e-01 -5.061e-02 1.900e-02) (0.000e+00 0.000e+00 0.000e+00)) ((-3.180e+01 -8.932e+01 3.998e+00) (-2.271e-03 1.048e-01 2.286e-01) (0.000e+00 0.000e+00 0.000e+00))
174        	((-3.706e+00 -2.222e+00 -1.006e+02) (-4.862e-01 -5.078e-02 1.951e-02) (0.000e+00 0.000e+00 0.000e+00)) ((-3.158e+01 -8.891e+01 3.995e+00) (-2.127e-03 1.059e-01 2.298e-01) (0.000e+00 0.000e+00 0.000e+00))
175        	((-3.720e+00 -2.221e+00 -1.001e+02) (-4.897e-01 -5.098e-02 2.012e-02) (0.000e+00 0.000e+00 0.000e+00)) ((-3.137e+01 -8.857e+01 4.002e+00) (-1.958e-03 1.072e-01 2.311e-01) (0.000e+00 0.000e+00 0.000e+00))
176        	((-3.741e+00 -2.225e+00 -9.972e+01) (-4.935e-01 -5.121e-02 2.074e-02) (0.000e+00 0.000e+00 0.000e+00)) ((-3.118e+01 -8.831e+01 4.017e+00) (-1.786e-03 1.085e-01 2.324e-01) (0.000e+00 0.000e+00 0.000e+00))
177        	((-3.766e+00 -2.233e+00 -9.939e+01) (-4.974e-01 -5.147e-02 2.144e-02) (0.000e+00 0.000e+00 0.000e+00)) ((-3.101e+01 -8.813e+01 4.040e+00) (-1.587e-03 1.100e-01 2.339e-01) (0.000e+00 0.000e+00 0.000e+00))
178        	((-3.793e+00 -2.245e+00 -9.915e+01) (-5.015e-01 -5.171e-02 2.223e-02) (0.000e+00 0.000e+00 0.000e+00)) ((-3.087e+01 -8.804e+01 4.068e+00) (-1.349e-03 1.115e-01 2.353e-01) (0.000e+00 0.000e+00 0.000e+00))
179        	((-3.820e+00 -2.259e+00 -9.899e+01) (-5.058e-01 -5.195e-02 2.310e-02) (0.000e+00 0.000e+00 0.000e+00)) ((-3.077e+01 -8.802e+01 4.098e+00) (-1.080e-03 1.131e-01 2.367e-01) (0.000e+00 0.000e+00 0.000e+00))
180        	((-3.847e+00 -2.273e+00 -9.890e+01) (-5.103e-01 -5.214e-02 2.403e-02) (0.000e+00 0.000e+00 0.000e+00)) ((-3.070e+01 -8.806e+01 4.129e+00) (-7.803e-04 1.149e-01 2.382e-01) (0.000e+00 0.000e+00 0.000e+00))
181        	((-3.874e+00 -2.286e+00 -9.887e+01) (-5.149e-01 -5.228e-02 2.501e-02) (0.000e+00 0.000e+00 0.000e+00)) ((-3.066e+01 -8.817e+01 4.158e+00) (-4.602e-04 1.167e-01 2.397e-01) (0.000e+00 0.000e+00 0.000e+00))
182        	((-3.899e+00 -2.298e+00 -9.889e+01) (-5.197e-01 -5.238e-02 2.598e-02) (0.000e+00 0.000e+00 0.000e+00)) ((-3.064e+01 -8.832e+01 4.186e+00) (-1.375e-04 1.185e-01 2.411e-01) (0.000e+00 0.000e+00 0.000e+00))
183        	((-3.921e+00 -2.308e+00 -9.892e+01) (-5.246e-01 -5.250e-02 2.696e-02) (0.000e+00 0.000e+00 0.000e+00)) ((-3.063e+01 -8.847e+01 4.210e+00) (1.885e-04 1.204e-01 2.427e-01) (0.000e+00 0.000e+00 0.000e+00))
184        	((-3.939e+00 -2.316e+00 -9.894e+01) (-5.296e-01 -5.262e-02 2.794e-02) (0.000e+00 0.000e+00 0.000e+00)) ((-3.062e+01 -8.861e+01 4.229e+00) (5.040e-04 1.223e-01 2.443e-01) (0.000e+00 0.000e+00 0.000e+00))
185        	((-3.952e+00 -2.321e+00 -9.893e+01) (-5.348e-01 -5.275e-02 2.890e-02) (0.000e+00 0.000e+00 0.000e+00)) ((-3.060e+01 -8.871e+01 4.244e+00) (8.128e-04 1.242e-01 2.459e-01) (0.000e+00 0.000e+00 0.000e+00))
186        	((-3.960e+00 -2.323e+00 -9.886e+01) (-5.400e-01 -5.288e-02 2.985e-02) (0.000e+00 0.000e+00 0.000e+00)) ((-3.058e+01 -8.876e+01 4.254e+00) (1.116e-03 1.261e-01 2.475e-01) (0.000e+00 0.000e+00 0.000e+00))
187        	((-3.964e+00 -2.322e+00 -9.874e+01) (-5.453e-01 -5.303e-02 3.076e-02) (0.000e+00 0.000e+00 0.000e+00)) ((-3.054e+01 -8.874e+01 4.260e+00) (1.395e-03 1.279e-01 2.491e-01) (0.000e+00 0.000e+00 0.000e+00))
188        	((-3.964e+00 -2.319e+00 -9.858e+01) (-5.505e-01 -5.317e-02 3.164e-02) (0.000e+00 0.000e+00 0.000e+00)) ((-3.050e+01 -8.867e+01 4.261e+00) (1.664e-03 1.297e-01 2.508e-01) (0.000e+00 0.000e+00 0.000e+00))
189        	((-3.964e+00 -2.313e+00 -9.840e+01) (-5.557e-01 -5.334e-02 3.248e-02) (0.000e+00 0.000e+00 0.000e+00)) ((-3.046e+01 -8.859e+01 4.258e+00) (1.915e-03 1.315e-01 2.524e-01) (0.000e+00 0.000e+00 0.000e+00))
190        	((-3.964e+00 -2.306e+00 -9.823e+01) (-5.608e-01 -5.353e-02 3.331e-02) (0.000e+00 0.000e+00 0.000e+00)) ((-3.042e+01 -8.851e+01 4.253e+00) (2.158e-03 1.332e-01 2.540e-01) (0.000e+00 0.000e+00 0.000e+00))
191        	((-3.967e+00 -2.297e+00 -9.809e+01) (-5.658e-01 -5.375e-02 3.408e-02) (0.000e+00 0.000e+00 0.000e+00)) ((-3.040e+01 -8.845e+01 4.245e+00) (2.384e-03 1.348e-01 2.556e-01) (0.000e+00 0.000e+00 0.000e+00))
192        	((-3.973e+00 -2.287e+00 -9.801e+01) (-5.707e-01 -5.398e-02 3.481e-02) (0.000e+00 0.000e+00 0.000e+00)) ((-3.039e+01 -8.845e+01 4.237e+00) (2.591e-03 1.364e-01 2.571e-01) (0.000e+00 0.000e+00 0.000e+00))
193        	((-3.981e+00 -2.277e+00 -9.799e+01) (-5.755e-01 -5.423e-02 3.547e-02) (0.000e+00 0.000e+00 0.000e+00)) ((-3.040e+01 -8.851e+01 4.228e+00) (2.768e-03 1.378e-01 2.587e-01) (0.000e+00 0.000e+00 0.000e+00))
194        	((-3.991e+00 -2.267e+00 -9.801e+01) (-5.803e-01 -5.450e-02 3.608e-02) (0.000e+00 0.000e+00 0.000e+00)) ((-3.043e+01 -8.859e+01 4.217e+00) (2.927e-03 1.392e-01 2.602e-01) (0.000e+00 0.000e+00 0.000e+00))
195        	((-3.999e+00 -2.257e+00 -9.806e+01) (-5.852e-01 -5.480e-02 3.665e-02) (0.000e+00 0.000e+00 0.000e+00)) ((-3.046e+01 -8.869e+01 4.206e+00) (3.065e-03 1.406e-01 2.618e-01) (0.000e+00 0.000e+00 0.000e+00))
196        	((-4.002e+00 -2.246e+00 -9.811e+01) (-5.900e-01 -5.510e-02 3.717e-02) (0.000e+00 0.000e+00 0.000e+00)) ((-3.048e+01 -8.877e+01 4.192e+00) (3.185e-03 1.419e-01 2.634e-01) (0.000e+00 0.000e+00 0.000e+00))
197        	((-3.999e+00 -2.236e+00 -9.815e+01) (-5.948e-01 -5.544e-02 3.766e-02) (0.000e+00 0.000e+00 0.000e+00)) ((-3.050e+01 -8.881e+01 4.175e+00) (3.287e-03 1.431e-01 2.651e-01) (0.000e+00 0.000e+00 0.000e+00))
198        	((-3.989e+00 -2.225e+00 -9.817e+01) (-5.996e-01 -5.576e-02 3.814e-02) (0.000e+00 0.000e+00 0.000e+00)) ((-3.052e+01 -8.880e+01 4.155e+00) (3.381e-03 1.444e-01 2.666e-01) (0.000e+00 0.000e+00 0.000e+00))
199        	((-3.973e+00 -2.213e+00 -9.816e+01) (-6.043e-01 -5.609e-02 3.859e-02) (0.000e+00 0.000e+00 0.000e+00)) ((-3.052e+01 -8.874e+01 4.132e+00) (3.469e-03 1.456e-01 2.682e-01) (0.000e+00 0.000e+00 0.000e+00))
200        	((-3.952e+00 -2.201e+00 -9.812e+01) (-6.089e-01 -5.638e-02 3.904e-02) (0.000e+00 0.000e+00 0.000e+00)) ((-3.052e+01 -8.863e+01 4.106e+00) (3.558e-03 1.467e-01 2.697e-01) (0.000e+00 0.000e+00 0.000e+00))
201        	((-3.926e+00 -2.188e+00 -9.808e+01) (-6.134e-01 -5.669e-02 3.951e-02) (0.000e+00 0.000e+00 0.000e+00)) ((-3.052e+01 -8.850e+01 4.079e+00) (3.654e-03 1.479e-01 2.712e-01) (0.000e+00 0.000e+00 0.000e+00))
202        	((-3.899e+00 -2.175e+00 -9.803e+01) (-6.178e-01 -5.696e-02 3.997e-02) (0.000e+00 0.000e+00 0.000e+00)) ((-3.052e+01 -8.834e+01 4.050e+00) (3.754e-03 1.490e-01 2.726e-01) (0.000e+00 0.000e+00 0.000e+00))
203        	((-3.869e+00 -2.164e+00 -9.800e+01) (-6.220e-01 -5.721e-02 4.046e-02) (0.000e+00 0.000e+00 0.000e+00)) ((-3.052e+01 -8.817e+01 4.022e+00) (3.871e-03 1.502e-01 2.739e-01) (0.000e+00 0.000e+00 0.000e+00))
204        	((-3.841e+00 -2.153e+00 -9.799e+01) (-6.260e-01 -5.743e-02 4.096e-02) (0.000e+00 0.000e+00 0.000e+00)) ((-3.054e+01 -8.802e+01 3.996e+00) (3.999e-03 1.513e-01 2.751e-01) (0.000e+00 0.000e+00 0.000e+00))
205        	((-3.814e+00 -2.145e+00 -9.800e+01) (-6.298e-01 -5.761e-02 4.149e-02) (0.000e+00 0.000e+00 0.000e+00)) ((-3.057e+01 -8.789e+01 3.973e+00) (4.144e-03 1.524e-01 2.762e-01) (0.000e+00 0.000e+00 0.000e+00))
206        	((-3.791e+00 -2.140e+00 -9.805e+01) (-6.335e-01 -5.774e-02 4.202e-02) (0.000e+00 0.000e+00 0.000e+00)) ((-3.061e+01 -8.779e+01 3.955e+00) (4.303e-03 1.536e-01 2.771e-01) (0.000e+00 0.000e+00 0.000e+00))
207        	((-3.772e+00 -2.138e+00 -9.811e+01) (-6.370e-01 -5.784e-02 4.256e-02) (0.000e+00 0.000e+00 0.000e+00)) ((-3.065e+01 -8.772e+01 3.943e+00) (4.472e-03 1.547e-01 2.781e-01) (0.000e+00 0.000e+00 0.000e+00))
208        	((-3.757e+00 -2.139e+00 -9.817e+01) (-6.405e-01 -5.790e-02 4.308e-02) (0.000e+00 0.000e+00 0.000e+00)) ((-3.069e+01 -8.768e+01 3.937e+00) (4.633e-03 1.557e-01 2.789e-01) (0.000e+00 0.000e+00 0.000e+00))
209        	((-3.745e+00 -2.143e+00 -9.821e+01) (-6.438e-01 -5.794e-02 4.355e-02) (0.000e+00 0.000e+00 0.000e+00)) ((-3.073e+01 -8.764e+01 3.936e+00) (4.778e-03 1.568e-01 2.798e-01) (0.000e+00 0.000e+00 0.000e+00))
210        	((-3.735e+00 -2.150e+00 -9.821e+01) (-6.471e-01 -5.796e-02 4.397e-02) (0.000e+00 0.000e+00 0.000e+00)) ((-3.075e+01 -8.759e+01 3.940e+00) (4.902e-03 1.577e-01 2.806e-01) (0.000e+00 0.000e+00 0.000e+00))
211        	((-3.725e+00 -2.160e+00 -9.817e+01) (-6.502e-01 -5.795e-02 4.438e-02) (0.000e+00 0.000e+00 0.000e+00)) ((-3.075e+01 -8.751e+01 3.948e+00) (5.031e-03 1.587e-01 2.813e-01) (0.000e+00 0.000e+00 0.000e+00))
212        	((-3.714e+00 -2.171e+00 -9.808e+01) (-6.531e-01 -5.787e-02 4.475e-02) (0.000e+00 0.000e+00 0.000e+00)) ((-3.075e+01 -8.740e+01 3.957e+00) (5.159e-03 1.595e-01 2.819e-01) (0.000e+00 0.000e+00 0.000e+00))
213        	((-3.702e+00 -2.182e+00 -9.796e+01) (-6.558e-01 -5.769e-02 4.511e-02) (0.000e+00 0.000e+00 0.000e+00)) ((-3.075e+01 -8.726e+01 3.966e+00) (5.306e-03 1.603e-01 2.824e-01) (0.000e+00 0.000e+00 0.000e+00))
214        	((-3.690e+00 -2.191e+00 -9.785e+01) (-6.584e-01 -5.744e-02 4.545e-02) (0.000e+00 0.000e+00 0.000e+00)) ((-3.074e+01 -8.714e+01 3.975e+00) (5.454e-03 1.610e-01 2.827e-01) (0.000e+00 0.000e+00 0.000e+00))
215        	((-3.681e+00 -2.198e+00 -9.776e+01) (-6.609e-01 -5.715e-02 4.577e-02) (0.000e+00 0.000e+00 0.000e+00)) ((-3.074e+01 -8.703e+01 3.981e+00) (5.611e-03 1.618e-01 2.830e-01) (0.000e+00 0.000e+00 0.000e+00))
216        	((-3.672e+00 -2.201e+00 -9.770e+01) (-6.633e-01 -5.684e-02 4.607e-02) (0.000e+00 0.000e+00 0.000e+00)) ((-3.074e+01 -8.695e+01 3.983e+00) (5.759e-03 1.625e-01 2.832e-01) (0.000e+00 0.000e+00 0.000e+00))
217        	((-3.664e+00 -2.200e+00 -9.768e+01) (-6.656e-01 -5.653e-02 4.637e-02) (0.000e+00 0.000e+00 0.000e+00)) ((-3.076e+01 -8.690e+01 3.981e+00) (5.908e-03 1.632e-01 2.834e-01) (0.000e+00 0.000e+00 0.000e+00))
218        	((-3.656e+00 -2.195e+00 -9.771e+01) (-6.678e-01 -5.622e-02 4.666e-02) (0.000e+00 0.000e+00 0.000e+00)) ((-3.078e+01 -8.689e+01 3.975e+00) (6.042e-03 1.639e-01 2.836e-01) (0.000e+00 0.000e+00 0.000e+00))
219        	((-3.648e+00 -2.187e+00 -9.777e+01) (-6.699e-01 -5.593e-02 4.695e-02) (0.000e+00 0.000e+00 0.000e+00)) ((-3.080e+01 -8.691e+01 3.963e+00) (6.173e-03 1.645e-01 2.837e-01) (0.000e+00 0.000e+00 0.000e+00))
220        	((-3.640e+00 -2.176e+00 -9.784e+01) (-6.719e-01 -5.570e-02 4.723e-02) (0.000e+00 0.000e+00 0.000e+00)) ((-3.081e+01 -8.693e+01 3.948e+00) (6.294e-03 1.652e-01 2.839e-01) (0.000e+00 0.000e+00 0.000e+00))
221        	((-3.631e+00 -2.164e+00 -9.790e+01) (-6.739e-01 -5.550e-02 4.752e-02) (0.000e+00 0.000e+00 0.000e+00)) ((-3.082e+01 -8.694e+01 3.930e+00) (6.407e-03 1.659e-01 2.840e-01) (0.000e+00 0.000e+00 0.000e+00))
222        	((-3.621e+00 -2.152e+00 -9.793e+01) (-6.757e-01 -5.535e-02 4.780e-02) (0.000e+00 0.000e+00 0.000e+00)) ((-3.081e+01 -8.693e+01 3.912e+00) (6.511e-03 1.666e-01 2.842e-01) (0.000e+00 0.000e+00 0.000e+00))
223        	((-3.611e+00 -2.141e+00 -9.792e+01) (-6.776e-01 -5.525e-02 4.807e-02) (0.000e+00 0.000e+00 0.000e+00)) ((-3.079e+01 -8.689e+01 3.894e+00) (6.604e-03 1.672e-01 2.844e-01) (0.000e+00 0.000e+00 0.000e+00))
224        	((-3.600e+00 -2.132e+00 -9.788e+01) (-6.793e-01 -5.517e-02 4.833e-02) (0.000e+00 0.000e+00 0.000e+00)) ((-3.075e+01 -8.682e+01 3.879e+00) (6.686e-03 1.678e-01 2.846e-01) (0.000e+00 0.000e+00 0.000e+00))
225        	((-3.589e+00 -2.126e+00 -9.779e+01) (-6.810e-01 -5.509e-02 4.857e-02) (0.000e+00 0.000e+00 0.000e+00)) ((-3.069e+01 -8.672e+01 3.865e+00) (6.765e-03 1.684e-01 2.848e-01) (0.000e+00 0.000e+00 0.000e+00))
226        	((-3.578e+00 -2.122e+00 -9.767e+01) (-6.826e-01 -5.505e-02 4.879e-02) (0.000e+00 0.000e+00 0.000e+00)) ((-3.062e+01 -8.659e+01 3.855e+00) (6.823e-03 1.690e-01 2.850e-01) (0.000e+00 0.000e+00 0.000e+00))
227        	((-3.567e+00 -2.121e+00 -9.752e+01) (-6.842e-01 -5.502e-02 4.899e-02) (0.000e+00 0.000e+00 0.000e+00)) ((-3.054e+01 -8.644e+01 3.848e+00) (6.878e-03 1.695e-01 2.852e-01) (0.000e+00 0.000e+00 0.000e+00))
228        	((-3.557e+00 -2.123e+00 -9.738e+01) (-6.857e-01 -5.501e-02 4.917e-02) (0.000e+00 0.000e+00 0.000e+00)) ((-3.046e+01 -8.630e+01 3.844e+00) (6.919e-03 1.699e-01 2.854e-01) (0.000e+00 0.000e+00 0.000e+00))
229        	((-3.547e+00 -2.127e+00 -9.723e+01) (-6.872e-01 -5.500e-02 4.933e-02) (0.000e+00 0.000e+00 0.000e+00)) ((-3.039e+01 -8.616e+01 3.843e+00) (6.960e-03 1.704e-01 2.857e-01) (0.000e+00 0.000e+00 0.000e+00))
230        	((-3.537e+00 -2.132e+00 -9.707e+01) (-6.886e-01 -5.501e-02 4.949e-02) (0.000e+00 0.000e+00 0.000e+00)) ((-3.032e+01 -8.601e+01 3.843e+00) (6.997e-03 1.708e-01 2.859e-01) (0.000e+00 0.000e+00 0.000e+00))
231        	((-3.527e+00 -2.137e+00 -9.689e+01) (-6.901e-01 -5.501e-02 4.963e-02) (0.000e+00 0.000e+00 0.000e+00)) ((-3.024e+01 -8.584e+01 3.843e+00) (7.027e-03 1.712e-01 2.862e-01) (0.000e+00 0.000e+00 0.000e+00))
232        	((-3.516e+00 -2.142e+00 -9.669e+01) (-6.915e-01 -5.503e-02 4.976e-02) (0.000e+00 0.000e+00 0.000e+00)) ((-3.017e+01 -8.566e+01 3.842e+00) (7.051e-03 1.716e-01 2.864e-01) (0.000e+00 0.000e+00 0.000e+00))
233        	((-3.504e+00 -2.145e+00 -9.647e+01) (-6.929e-01 -5.505e-02 4.989e-02) (0.000e+00 0.000e+00 0.000e+00)) ((-3.009e+01 -8.546e+01 3.840e+00) (7.077e-03 1.720e-01 2.866e-01) (0.000e+00 0.000e+00 0.000e+00))
234        	((-3.492e+00 -2.147e+00 -9.623e+01) (-6.942e-01 -5.510e-02 5.001e-02) (0.000e+00 0.000e+00 0.000e+00)) ((-3.000e+01 -8.525e+01 3.836e+00) (7.097e-03 1.723e-01 2.869e-01) (0.000e+00 0.000e+00 0.000e+00))
235        	((-3.479e+00 -2.147e+00 -9.597e+01) (-6.955e-01 -5.517e-02 5.015e-02) (0.000e+00 0.000e+00 0.000e+00)) ((-2.991e+01 -8.501e+01 3.830e+00) (7.122e-03 1.727e-01 2.871e-01) (0.000e+00 0.000e+00 0.000e+00))
236        	((-3.467e+00 -2.146e+00 -9.568e+01) (-6.968e-01 -5.528e-02 5.027e-02) (0.000e+00 0.000e+00 0.000e+00)) ((-2.982e+01 -8.476e+01 3.822e+00) (7.132e-03 1.730e-01 2.874e-01) (0.000e+00 0.000e+00 0.000e+00))
237        	((-3.454e+00 -2.143e+00 -9.539e+01) (-6.980e-01 -5.541e-02 5.041e-02) (0.000e+00 0.000e+00 0.000e+00)) ((-2.973e+01 -8.451e+01 3.813e+00) (7.147e-03 1.734e-01 2.877e-01) (0.000e+00 0.000e+00 0.000e+00))
238        	((-3.442e+00 -2.138e+00 -9.510e+01) (-6.992e-01 -5.556e-02 5.054e-02) (0.000e+00 0.000e+00 0.000e+00)) ((-2.964e+01 -8.425e+01 3.802e+00) (7.158e-03 1.737e-01 2.879e-01) (0.000e+00 0.000e+00 0.000e+00))
239        	((-3.431e+00 -2.132e+00 -9.480e+01) (-7.003e-01 -5.571e-02 5.066e-02) (0.000e+00 0.000e+00 0.000e+00)) ((-2.955e+01 -8.400e+01 3.791e+00) (7.160e-03 1.741e-01 2.882e-01) (0.000e+00 0.000e+00 0.000e+00))
240        	((-3.421e+00 -2.124e+00 -9.451e+01) (-7.014e-01 -5.584e-02 5.078e-02) (0.000e+00 0.000e+00 0.000e+00)) ((-2.945e+01 -8.376e+01 3.779e+00) (7.169e-03 1.744e-01 2.885e-01) (0.000e+00 0.000e+00 0.000e+00))
241        	((-3.413e+00 -2.116e+00 -9.425e+01) (-7.024e-01 -5.595e-02 5.092e-02) (0.000e+00 0.000e+00 0.000e+00)) ((-2.937e+01 -8.354e+01 3.767e+00) (7.193e-03 1.748e-01 2.888e-01) (0.000e+00 0.000e+00 0.000e+00))
242        	((-3.406e+00 -2.106e+00 -9.405e+01) (-7.034e-01 -5.603e-02 5.104e-02) (0.000e+00 0.000e+00 0.000e+00)) ((-2.930e+01 -8.338e+01 3.754e+00) (7.219e-03 1.751e-01 2.891e-01) (0.000e+00 0.000e+00 0.000e+00))
243        	((-3.400e+00 -2.096e+00 -9.393e+01) (-7.044e-01 -5.613e-02 5.115e-02) (0.000e+00 0.000e+00 0.000e+00)) ((-2.926e+01 -8.327e+01 3.742e+00) (7.237e-03 1.753e-01 2.894e-01) (0.000e+00 0.000e+00 0.000e+00))
244        	((-3.394e+00 -2.087e+00 -9.388e+01) (-7.053e-01 -5.622e-02 5.123e-02) (0.000e+00 0.000e+00 0.000e+00)) ((-2.925e+01 -8.321e+01 3.730e+00) (7.248e-03 1.756e-01 2.897e-01) (0.000e+00 0.000e+00 0.000e+00))
245        	((-3.390e+00 -2.078e+00 -9.389e+01) (-7.061e-01 -5.631e-02 5.131e-02) (0.000e+00 0.000e+00 0.000e+00)) ((-2.926e+01 -8.320e+01 3.719e+00) (7.260e-03 1.758e-01 2.901e-01) (0.000e+00 0.000e+00 0.000e+00))
246        	((-3.386e+00 -2.071e+00 -9.394e+01) (-7.070e-01 -5.640e-02 5.135e-02) (0.000e+00 0.000e+00 0.000e+00)) ((-2.928e+01 -8.321e+01 3.710e+00) (7.255e-03 1.760e-01 2.904e-01) (0.000e+00 0.000e+00 0.000e+00))
247        	((-3.383e+00 -2.065e+00 -9.402e+01) (-7.078e-01 -5.648e-02 5.137e-02) (0.000e+00 0.000e+00 0.000e+00)) ((-2.930e+01 -8.325e+01 3.703e+00) (7.247e-03 1.761e-01 2.908e-01) (0.000e+00 0.000e+00 0.000e+00))
248        	((-3.381e+00 -2.061e+00 -9.410e+01) (-7.086e-01 -5.655e-02 5.138e-02) (0.000e+00 0.000e+00 0.000e+00)) ((-2.933e+01 -8.329e+01 3.697e+00) (7.233e-03 1.763e-01 2.912e-01) (0.000e+00 0.000e+00 0.000e+00))
249        	((-3.380e+00 -2.059e+00 -9.417e+01) (-7.094e-01 -5.661e-02 5.136e-02) (0.000e+00 0.000e+00 0.000e+00)) ((-2.936e+01 -8.334e+01 3.694e+00) (7.213e-03 1.764e-01 2.915e-01) (0.000e+00 0.000e+00 0.000e+00))
250        	((-3.380e+00 -2.059e+00 -9.426e+01) (-7.101e-01 -5.664e-02 5.131e-02) (0.000e+00 0.000e+00 0.000e+00)) ((-2.939e+01 -8.339e+01 3.693e+00) (7.187e-03 1.764e-01 2.919e-01) (0.000e+00 0.000e+00 0.000e+00))
251        	((-3.379e+00 -2.062e+00 -9.437e+01) (-7.108e-01 -5.664e-02 5.126e-02) (0.000e+00 0.000e+00 0.000e+00)) ((-2.943e+01 -8.346e+01 3.694e+00) (7.162e-03 1.765e-01 2.922e-01) (0.000e+00 0.000e+00 0.000e+00))
252        	((-3.379e+00 -2.067e+00 -9.451e+01) (-7.115e-01 -5.660e-02 5.121e-02) (0.000e+00 0.000e+00 0.000e+00)) ((-2.947e+01 -8.356e+01 3.696e+00) (7.142e-03 1.765e-01 2.924e-01) (0.000e+00 0.000e+00 0.000e+00))
253        	((-3.379e+00 -2.074e+00 -9.470e+01) (-7.121e-01 -5.654e-02 5.116e-02) (0.000e+00 0.000e+00 0.000e+00)) ((-2.953e+01 -8.370e+01 3.700e+00) (7.133e-03 1.766e-01 2.926e-01) (0.000e+00 0.000e+00 0.000e+00))
254        	((-3.380e+00 -2.081e+00 -9.494e+01) (-7.126e-01 -5.645e-02 5.113e-02) (0.000e+00 0.000e+00 0.000e+00)) ((-2.960e+01 -8.388e+01 3.704e+00) (7.128e-03 1.766e-01 2.928e-01) (0.000e+00 0.000e+00 0.000e+00))
255        	((-3.382e+00 -2.089e+00 -9.520e+01) (-7.130e-01 -5.635e-02 5.113e-02) (0.000e+00 0.000e+00 0.000e+00)) ((-2.968e+01 -8.409e+01 3.708e+00) (7.136e-03 1.767e-01 2.928e-01) (0.000e+00 0.000e+00 0.000e+00))
256        	((-3.385e+00 -2.096e+00 -9.547e+01) (-7.134e-01 -5.624e-02 5.113e-02) (0.000e+00 0.000e+00 0.000e+00)) ((-2.975e+01 -8.431e+01 3.711e+00) (7.150e-03 1.768e-01 2.928e-01) (0.000e+00 0.000e+00 0.000e+00))
257        	((-3.387e+00 -2.102e+00 -9.571e+01) (-7.138e-01 -5.612e-02 5.116e-02) (0.000e+00 0.000e+00 0.000e+00)) ((-2.981e+01 -8.451e+01 3.713e+00) (7.175e-03 1.769e-01 2.928e-01) (0.000e+00 0.000e+00 0.000e+00))
258        	((-3.389e+00 -2.107e+00 -9.590e+01) (-7.141e-01 -5.601e-02 5.116e-02) (0.000e+00 0.000e+00 0.000e+00)) ((-2.985e+01 -8.468e+01 3.713e+00) (7.180e-03 1.769e-01 2.927e-01) (0.000e+00 0.000e+00 0.000e+00))
259        	((-3.392e+00 -2.110e+00 -9.605e+01) (-7.144e-01 -5.591e-02 5.118e-02) (0.000e+00 0.000e+00 0.000e+00)) ((-2.988e+01 -8.482e+01 3.712e+00) (7.194e-03 1.770e-01 2.927e-01) (0.000e+00 0.000e+00 0.000e+00))
260        	((-3.395e+00 -2.111e+00 -9.615e+01) (-7.148e-01 -5.582e-02 5.119e-02) (0.000e+00 0.000e+00 0.000e+00)) ((-2.989e+01 -8.491e+01 3.710e+00) (7.196e-03 1.771e-01 2.926e-01) (0.000e+00 0.000e+00 0.000e+00))
261        	((-3.399e+00 -2.111e+00 -9.620e+01) (-7.152e-01 -5.574e-02 5.124e-02) (0.000e+00 0.000e+00 0.000e+00)) ((-2.989e+01 -8.497e+01 3.707e+00) (7.217e-03 1.772e-01 2.926e-01) (0.000e+00 0.000e+00 0.000e+00))
262        	((-3.404e+00 -2.109e+00 -9.620e+01) (-7.157e-01 -5.569e-02 5.127e-02) (0.000e+00 0.000e+00 0.000e+00)) ((-2.988e+01 -8.498e+01 3.705e+00) (7.216e-03 1.774e-01 2.927e-01) (0.000e+00 0.000e+00 0.000e+00))
263        	((-3.411e+00 -2.106e+00 -9.615e+01) (-7.162e-01 -5.564e-02 5.136e-02) (0.000e+00 0.000e+00 0.000e+00)) ((-2.984e+01 -8.495e+01 3.703e+00) (7.250e-03 1.776e-01 2.927e-01) (0.000e+00 0.000e+00 0.000e+00))
264        	((-3.419e+00 -2.101e+00 -9.605e+01) (-7.168e-01 -5.561e-02 5.139e-02) (0.000e+00 0.000e+00 0.000e+00)) ((-2.980e+01 -8.489e+01 3.703e+00) (7.244e-03 1.778e-01 2.928e-01) (0.000e+00 0.000e+00 0.000e+00))
265        	((-3.428e+00 -2.097e+00 -9.589e+01) (-7.174e-01 -5.559e-02 5.149e-02) (0.000e+00 0.000e+00 0.000e+00)) ((-2.974e+01 -8.478e+01 3.704e+00) (7.278e-03 1.780e-01 2.930e-01) (0.000e+00 0.000e+00 0.000e+00))
266        	((-3.437e+00 -2.092e+00 -9.568e+01) (-7.180e-01 -5.557e-02 5.154e-02) (0.000e+00 0.000e+00 0.000e+00)) ((-2.966e+01 -8.462e+01 3.706e+00) (7.282e-03 1.782e-01 2.931e-01) (0.000e+00 0.000e+00 0.000e+00))
267        	((-3.446e+00 -2.087e+00 -9.540e+01) (-7.187e-01 -5.554e-02 5.164e-02) (0.000e+00 0.000e+00 0.000e+00)) ((-2.956e+01 -8.443e+01 3.709e+00) (7.321e-03 1.784e-01 2.933e-01) (0.000e+00 0.000e+00 0.000e+00))
268        	((-3.455e+00 -2.082e+00 -9.505e+01) (-7.193e-01 -5.550e-02 5.170e-02) (0.000e+00 0.000e+00 0.000e+00)) ((-2.944e+01 -8.417e+01 3.713e+00) (7.338e-03 1.786e-01 2.935e-01) (0.000e+00 0.000e+00 0.000e+00))
269        	((-3.462e+00 -2.078e+00 -9.464e+01) (-7.199e-01 -5.542e-02 5.179e-02) (0.000e+00 0.000e+00 0.000e+00)) ((-2.931e+01 -8.387e+01 3.718e+00) (7.388e-03 1.788e-01 2.936e-01) (0.000e+00 0.000e+00 0.000e+00))
270        	((-3.468e+00 -2.073e+00 -9.417e+01) (-7.206e-01 -5.532e-02 5.184e-02) (0.000e+00 0.000e+00 0.000e+00)) ((-2.916e+01 -8.353e+01 3.723e+00) (7.418e-03 1.790e-01 2.938e-01) (0.000e+00 0.000e+00 0.000e+00))
271        	((-3.473e+00 -2.068e+00 -9.365e+01) (-7.212e-01 -5.519e-02 5.190e-02) (0.000e+00 0.000e+00 0.000e+00)) ((-2.899e+01 -8.314e+01 3.728e+00) (7.469e-03 1.791e-01 2.940e-01) (0.000e+00 0.000e+00 0.000e+00))
272        	((-3.476e+00 -2.063e+00 -9.307e+01) (-7.218e-01 -5.502e-02 5.195e-02) (0.000e+00 0.000e+00 0.000e+00)) ((-2.881e+01 -8.272e+01 3.733e+00) (7.517e-03 1.792e-01 2.942e-01) (0.000e+00 0.000e+00 0.000e+00))
273        	((-3.480e+00 -2.057e+00 -9.247e+01) (-7.225e-01 -5.480e-02 5.200e-02) (0.000e+00 0.000e+00 0.000e+00)) ((-2.862e+01 -8.228e+01 3.737e+00) (7.582e-03 1.794e-01 2.943e-01) (0.000e+00 0.000e+00 0.000e+00))
274        	((-3.484e+00 -2.049e+00 -9.188e+01) (-7.231e-01 -5.454e-02 5.202e-02) (0.000e+00 0.000e+00 0.000e+00)) ((-2.844e+01 -8.185e+01 3.740e+00) (7.635e-03 1.795e-01 2.944e-01) (0.000e+00 0.000e+00 0.000e+00))
275        	((-3.490e+00 -2.041e+00 -9.135e+01) (-7.237e-01 -5.424e-02 5.204e-02) (0.000e+00 0.000e+00 0.000e+00)) ((-2.827e+01 -8.148e+01 3.742e+00) (7.696e-03 1.795e-01 2.945e-01) (0.000e+00 0.000e+00 0.000e+00))
276        	((-3.495e+00 -2.032e+00 -9.093e+01) (-7.243e-01 -5.394e-02 5.204e-02) (0.000e+00 0.000e+00 0.000e+00)) ((-2.814e+01 -8.119e+01 3.742e+00) (7.744e-03 1.796e-01 2.946e-01) (0.000e+00 0.000e+00 0.000e+00))
277        	((-3.500e+00 -2.023e+00 -9.063e+01) (-7.248e-01 -5.363e-02 5.204e-02) (0.000e+00 0.000e+00 0.000e+00)) ((-2.804e+01 -8.099e+01 3.740e+00) (7.799e-03 1.796e-01 2.947e-01) (0.000e+00 0.000e+00 0.000e+00))
278        	((-3.504e+00 -2.015e+00 -9.047e+01) (-7.253e-01 -5.337e-02 5.205e-02) (0.000e+00 0.000e+00 0.000e+00)) ((-2.799e+01 -8.090e+01 3.737e+00) (7.851e-03 1.797e-01 2.947e-01) (0.000e+00 0.000e+00 0.000e+00))
279        	((-3.507e+00 -2.007e+00 -9.043e+01) (-7.258e-01 -5.313e-02 5.205e-02) (0.000e+00 0.000e+00 0.000e+00)) ((-2.797e+01 -8.090e+01 3.732e+00) (7.890e-03 1.797e-01 2.948e-01) (0.000e+00 0.000e+00 0.000e+00))
280        	((-3.508e+00 -2.000e+00 -9.050e+01) (-7.262e-01 -5.297e-02 5.202e-02) (0.000e+00 0.000e+00 0.000e+00)) ((-2.798e+01 -8.097e+01 3.727e+00) (7.907e-03 1.797e-01 2.948e-01) (0.000e+00 0.000e+00 0.000e+00))
281        	((-3.508e+00 -1.994e+00 -9.065e+01) (-7.264e-01 -5.290e-02 5.198e-02) (0.000e+00 0.000e+00 0.000e+00)) ((-2.802e+01 -8.110e+01 3.722e+00) (7.899e-03 1.797e-01 2.949e-01) (0.000e+00 0.000e+00 0.000e+00))
282        	((-3.504e+00 -1.991e+00 -9.088e+01) (-7.266e-01 -5.290e-02 5.193e-02) (0.000e+00 0.000e+00 0.000e+00)) ((-2.808e+01 -8.128e+01 3.717e+00) (7.875e-03 1.797e-01 2.949e-01) (0.000e+00 0.000e+00 0.000e+00))
283        	((-3.498e+00 -1.991e+00 -9.118e+01) (-7.267e-01 -5.297e-02 5.187e-02) (0.000e+00 0.000e+00 0.000e+00)) ((-2.816e+01 -8.150e+01 3.713e+00) (7.841e-03 1.796e-01 2.950e-01) (0.000e+00 0.000e+00 0.000e+00))
284        	((-3.488e+00 -1.993e+00 -9.154e+01) (-7.267e-01 -5.311e-02 5.181e-02) (0.000e+00 0.000e+00 0.000e+00)) ((-2.827e+01 -8.176e+01 3.709e+00) (7.794e-03 1.796e-01 2.951e-01) (0.000e+00 0.000e+00 0.000e+00))
285        	((-3.475e+00 -1.999e+00 -9.195e+01) (-7.266e-01 -5.333e-02 5.175e-02) (0.000e+00 0.000e+00 0.000e+00)) ((-2.838e+01 -8.204e+01 3.706e+00) (7.731e-03 1.795e-01 2.951e-01) (0.000e+00 0.000e+00 0.000e+00))
286        	((-3.458e+00 -2.006e+00 -9.239e+01) (-7.264e-01 -5.362e-02 5.167e-02) (0.000e+00 0.000e+00 0.000e+00)) ((-2.851e+01 -8.234e+01 3.703e+00) (7.651e-03 1.794e-01 2.952e-01) (0.000e+00 0.000e+00 0.000e+00))
287        	((-3.440e+00 -2.016e+00 -9.286e+01) (-7.261e-01 -5.395e-02 5.161e-02) (0.000e+00 0.000e+00 0.000e+00)) ((-2.866e+01 -8.264e+01 3.700e+00) (7.575e-03 1.793e-01 2.952e-01) (0.000e+00 0.000e+00 0.000e+00))
288        	((-3.419e+00 -2.028e+00 -9.330e+01) (-7.258e-01 -5.432e-02 5.154e-02) (0.000e+00 0.000e+00 0.000e+00)) ((-2.880e+01 -8.293e+01 3.698e+00) (7.488e-03 1.792e-01 2.953e-01) (0.000e+00 0.000e+00 0.000e+00))
289        	((-3.398e+00 -2.039e+00 -9.371e+01) (-7.255e-01 -5.469e-02 5.148e-02) (0.000e+00 0.000e+00 0.000e+00)) ((-2.893e+01 -8.317e+01 3.695e+00) (7.404e-03 1.791e-01 2.954e-01) (0.000e+00 0.000e+00 0.000e+00))
290        	((-3.376e+00 -2.051e+00 -9.404e+01) (-7.252e-01 -5.508e-02 5.142e-02) (0.000e+00 0.000e+00 0.000e+00)) ((-2.904e+01 -8.336e+01 3.691e+00) (7.314e-03 1.790e-01 2.955e-01) (0.000e+00 0.000e+00 0.000e+00))
291        	((-3.354e+00 -2.060e+00 -9.425e+01) (-7.250e-01 -5.546e-02 5.135e-02) (0.000e+00 0.000e+00 0.000e+00)) ((-2.912e+01 -8.345e+01 3.686e+00) (7.220e-03 1.789e-01 2.956e-01) (0.000e+00 0.000e+00 0.000e+00))
292        	((-3.334e+00 -2.066e+00 -9.432e+01) (-7.247e-01 -5.583e-02 5.132e-02) (0.000e+00 0.000e+00 0.000e+00)) ((-2.915e+01 -8.344e+01 3.679e+00) (7.144e-03 1.789e-01 2.957e-01) (0.000e+00 0.000e+00 0.000e+00))
293        	((-3.314e+00 -2.069e+00 -9.423e+01) (-7.245e-01 -5.618e-02 5.130e-02) (0.000e+00 0.000e+00 0.000e+00)) ((-2.913e+01 -8.331e+01 3.669e+00) (7.077e-03 1.788e-01 2.958e-01) (0.000e+00 0.000e+00 0.000e+00))
294        	((-3.296e+00 -2.068e+00 -9.400e+01) (-7.244e-01 -5.646e-02 5.131e-02) (0.000e+00 0.000e+00 0.000e+00)) ((-2.906e+01 -8.308e+01 3.657e+00) (7.030e-03 1.788e-01 2.959e-01) (0.000e+00 0.000e+00 0.000e+00))
295        	((-3.279e+00 -2.063e+00 -9.366e+01) (-7.242e-01 -5.671e-02 5.133e-02) (0.000e+00 0.000e+00 0.000e+00)) ((-2.896e+01 -8.277e+01 3.643e+00) (6.998e-03 1.788e-01 2.960e-01) (0.000e+00 0.000e+00 0.000e+00))
296        	((-3.263e+00 -2.054e+00 -9.325e+01) (-7.240e-01 -5.693e-02 5.135e-02) (0.000e+00 0.000e+00 0.000e+00)) ((-2.884e+01 -8.240e+01 3.627e+00) (6.969e-03 1.788e-01 2.961e-01) (0.000e+00 0.000e+00 0.000e+00))
297        	((-3.250e+00 -2.043e+00 -9.282e+01) (-7.238e-01 -5.712e-02 5.136e-02) (0.000e+00 0.000e+00 0.000e+00)) ((-2.871e+01 -8.202e+01 3.611e+00) (6.939e-03 1.788e-01 2.962e-01) (0.000e+00 0.000e+00 0.000e+00))
298        	((-3.239e+00 -2.029e+00 -9.241e+01) (-7.237e-01 -5.730e-02 5.138e-02) (0.000e+00 0.000e+00 0.000e+00)) ((-2.859e+01 -8.166e+01 3.594e+00) (6.913e-03 1.788e-01 2.962e-01) (0.000e+00 0.000e+00 0.000e+00))
299        	((-3.231e+00 -2.015e+00 -9.206e+01) (-7.235e-01 -5.747e-02 5.136e-02) (0.000e+00 0.000e+00 0.000e+00)) ((-2.849e+01 -8.134e+01 3.578e+00) (6.882e-03 1.788e-01 2.963e-01) (0.000e+00 0.000e+00 0.000e+00))
300        	((-3.225e+00 -2.000e+00 -9.178e+01) (-7.233e-01 -5.761e-02 5.136e-02) (0.000e+00 0.000e+00 0.000e+00)) ((-2.841e+01 -8.109e+01 3.562e+00) (6.857e-03 1.788e-01 2.963e-01) (0.000e+00 0.000e+00 0.000e+00))
301        	((-3.222e+00 -1.986e+00 -9.159e+01) (-7.230e-01 -5.774e-02 5.133e-02) (0.000e+00 0.000e+00 0.000e+00)) ((-2.835e+01 -8.090e+01 3.548e+00) (6.830e-03 1.787e-01 2.963e-01) (0.000e+00 0.000e+00 0.000e+00))
302        	((-3.221e+00 -1.973e+00 -9.147e+01) (-7.227e-01 -5.786e-02 5.129e-02) (0.000e+00 0.000e+00 0.000e+00)) ((-2.832e+01 -8.077e+01 3.536e+00) (6.797e-03 1.786e-01 2.963e-01) (0.000e+00 0.000e+00 0.000e+00))
303        	((-3.222e+00 -1.963e+00 -9.141e+01) (-7.224e-01 -5.794e-02 5.123e-02) (0.000e+00 0.000e+00 0.000e+00)) ((-2.831e+01 -8.070e+01 3.526e+00) (6.770e-03 1.785e-01 2.963e-01) (0.000e+00 0.000e+00 0.000e+00))
304        	((-3.224e+00 -1.954e+00 -9.142e+01) (-7.220e-01 -5.802e-02 5.118e-02) (0.000e+00 0.000e+00 0.000e+00)) ((-2.832e+01 -8.068e+01 3.518e+00) (6.742e-03 1.784e-01 2.962e-01) (0.000e+00 0.000e+00 0.000e+00))
305        	((-3.228e+00 -1.947e+00 -9.149e+01) (-7.215e-01 -5.810e-02 5.110e-02) (0.000e+00 0.000e+00 0.000e+00)) ((-2.834e+01 -8.072e+01 3.513e+00) (6.712e-03 1.782e-01 2.962e-01) (0.000e+00 0.000e+00 0.000e+00))
306        	((-3.233e+00 -1.943e+00 -9.159e+01) (-7.210e-01 -5.819e-02 5.102e-02) (0.000e+00 0.000e+00 0.000e+00)) ((-2.838e+01 -8.078e+01 3.510e+00) (6.673e-03 1.780e-01 2.961e-01) (0.000e+00 0.000e+00 0.000e+00))
307        	((-3.237e+00 -1.941e+00 -9.172e+01) (-7.204e-01 -5.826e-02 5.090e-02) (0.000e+00 0.000e+00 0.000e+00)) ((-2.843e+01 -8.087e+01 3.509e+00) (6.624e-03 1.778e-01 2.960e-01) (0.000e+00 0.000e+00 0.000e+00))
308        	((-3.242e+00 -1.940e+00 -9.187e+01) (-7.198e-01 -5.832e-02 5.080e-02) (0.000e+00 0.000e+00 0.000e+00)) ((-2.848e+01 -8.099e+01 3.508e+00) (6.579e-03 1.776e-01 2.959e-01) (0.000e+00 0.000e+00 0.000e+00))
309        	((-3.245e+00 -1.942e+00 -9.205e+01) (-7.192e-01 -5.837e-02 5.068e-02) (0.000e+00 0.000e+00 0.000e+00)) ((-2.854e+01 -8.113e+01 3.509e+00) (6.532e-03 1.773e-01 2.958e-01) (0.000e+00 0.000e+00 0.000e+00))
310        	((-3.248e+00 -1.944e+00 -9.226e+01) (-7.185e-01 -5.841e-02 5.059e-02) (0.000e+00 0.000e+00 0.000e+00)) ((-2.861e+01 -8.129e+01 3.511e+00) (6.496e-03 1.771e-01 2.956e-01) (0.000e+00 0.000e+00 0.000e+00))
311        	((-3.251e+00 -1.948e+00 -9.249e+01) (-7.179e-01 -5.843e-02 5.051e-02) (0.000e+00 0.000e+00 0.000e+00)) ((-2.869e+01 -8.148e+01 3.514e+00) (6.466e-03 1.769e-01 2.955e-01) (0.000e+00 0.000e+00 0.000e+00))
312        	((-3.254e+00 -1.952e+00 -9.274e+01) (-7.172e-01 -5.842e-02 5.045e-02) (0.000e+00 0.000e+00 0.000e+00)) ((-2.877e+01 -8.170e+01 3.517e+00) (6.449e-03 1.767e-01 2.953e-01) (0.000e+00 0.000e+00 0.000e+00))
313        	((-3.256e+00 -1.957e+00 -9.299e+01) (-7.166e-01 -5.841e-02 5.042e-02) (0.000e+00 0.000e+00 0.000e+00)) ((-2.885e+01 -8.192e+01 3.520e+00) (6.445e-03 1.765e-01 2.951e-01) (0.000e+00 0.000e+00 0.000e+00))
314        	((-3.260e+00 -1.963e+00 -9.323e+01) (-7.161e-01 -5.837e-02 5.041e-02) (0.000e+00 0.000e+00 0.000e+00)) ((-2.892e+01 -8.215e+01 3.524e+00) (6.446e-03 1.764e-01 2.949e-01) (0.000e+00 0.000e+00 0.000e+00))
315        	((-3.264e+00 -1.967e+00 -9.345e+01) (-7.156e-01 -5.834e-02 5.044e-02) (0.000e+00 0.000e+00 0.000e+00)) ((-2.898e+01 -8.237e+01 3.528e+00) (6.463e-03 1.763e-01 2.947e-01) (0.000e+00 0.000e+00 0.000e+00))
316        	((-3.270e+00 -1.972e+00 -9.366e+01) (-7.151e-01 -5.830e-02 5.048e-02) (0.000e+00 0.000e+00 0.000e+00)) ((-2.904e+01 -8.260e+01 3.531e+00) (6.484e-03 1.763e-01 2.945e-01) (0.000e+00 0.000e+00 0.000e+00))
317        	((-3.279e+00 -1.975e+00 -9.386e+01) (-7.148e-01 -5.826e-02 5.055e-02) (0.000e+00 0.000e+00 0.000e+00)) ((-2.910e+01 -8.283e+01 3.535e+00) (6.514e-03 1.763e-01 2.943e-01) (0.000e+00 0.000e+00 0.000e+00))
318        	((-3.289e+00 -1.976e+00 -9.407e+01) (-7.146e-01 -5.822e-02 5.064e-02) (0.000e+00 0.000e+00 0.000e+00)) ((-2.916e+01 -8.307e+01 3.538e+00) (6.549e-03 1.764e-01 2.942e-01) (0.000e+00 0.000e+00 0.000e+00))
319        	((-3.303e+00 -1.976e+00 -9.429e+01) (-7.144e-01 -5.817e-02 5.075e-02) (0.000e+00 0.000e+00 0.000e+00)) ((-2.922e+01 -8.332e+01 3.541e+00) (6.595e-03 1.765e-01 2.941e-01) (0.000e+00 0.000e+00 0.000e+00))
320        	((-3.320e+00 -1.974e+00 -9.451e+01) (-7.144e-01 -5.808e-02 5.085e-02) (0.000e+00 0.000e+00 0.000e+00)) ((-2.929e+01 -8.358e+01 3.544e+00) (6.643e-03 1.766e-01 2.939e-01) (0.000e+00 0.000e+00 0.000e+00))
321        	((-3.340e+00 -1.969e+00 -9.472e+01) (-7.144e-01 -5.796e-02 5.096e-02) (0.000e+00 0.000e+00 0.000e+00)) ((-2.935e+01 -8.385e+01 3.546e+00) (6.697e-03 1.767e-01 2.938e-01) (0.000e+00 0.000e+00 0.000e+00))
322        	((-3.362e+00 -1.963e+00 -9.494e+01) (-7.144e-01 -5.783e-02 5.106e-02) (0.000e+00 0.000e+00 0.000e+00)) ((-2.942e+01 -8.412e+01 3.548e+00) (6.752e-03 1.769e-01 2.937e-01) (0.000e+00 0.000e+00 0.000e+00))
323        	((-3.386e+00 -1.954e+00 -9.514e+01) (-7.146e-01 -5.767e-02 5.115e-02) (0.000e+00 0.000e+00 0.000e+00)) ((-2.948e+01 -8.437e+01 3.549e+00) (6.806e-03 1.770e-01 2.937e-01) (0.000e+00 0.000e+00 0.000e+00))
324        	((-3.409e+00 -1.943e+00 -9.532e+01) (-7.147e-01 -5.746e-02 5.123e-02) (0.000e+00 0.000e+00 0.000e+00)) ((-2.954e+01 -8.460e+01 3.548e+00) (6.869e-03 1.771e-01 2.936e-01) (0.000e+00 0.000e+00 0.000e+00))
325        	((-3.433e+00 -1.931e+00 -9.548e+01) (-7.149e-01 -5.720e-02 5.132e-02) (0.000e+00 0.000e+00 0.000e+00)) ((-2.960e+01 -8.480e+01 3.547e+00) (6.949e-03 1.773e-01 2.935e-01) (0.000e+00 0.000e+00 0.000e+00))
326        	((-3.456e+00 -1.920e+00 -9.564e+01) (-7.151e-01 -5.691e-02 5.140e-02) (0.000e+00 0.000e+00 0.000e+00)) ((-2.966e+01 -8.499e+01 3.546e+00) (7.035e-03 1.774e-01 2.934e-01) (0.000e+00 0.000e+00 0.000e+00))
327        	((-3.479e+00 -1.908e+00 -9.578e+01) (-7.153e-01 -5.657e-02 5.147e-02) (0.000e+00 0.000e+00 0.000e+00)) ((-2.972e+01 -8.518e+01 3.545e+00) (7.126e-03 1.775e-01 2.932e-01) (0.000e+00 0.000e+00 0.000e+00))
328        	((-3.501e+00 -1.898e+00 -9.592e+01) (-7.155e-01 -5.621e-02 5.151e-02) (0.000e+00 0.000e+00 0.000e+00)) ((-2.977e+01 -8.535e+01 3.545e+00) (7.214e-03 1.775e-01 2.931e-01) (0.000e+00 0.000e+00 0.000e+00))
329        	((-3.522e+00 -1.891e+00 -9.605e+01) (-7.157e-01 -5.583e-02 5.154e-02) (0.000e+00 0.000e+00 0.000e+00)) ((-2.982e+01 -8.551e+01 3.547e+00) (7.300e-03 1.776e-01 2.929e-01) (0.000e+00 0.000e+00 0.000e+00))
330        	((-3.541e+00 -1.886e+00 -9.618e+01) (-7.159e-01 -5.544e-02 5.156e-02) (0.000e+00 0.000e+00 0.000e+00)) ((-2.986e+01 -8.567e+01 3.550e+00) (7.382e-03 1.776e-01 2.928e-01) (0.000e+00 0.000e+00 0.000e+00))
331        	((-3.558e+00 -1.885e+00 -9.631e+01) (-7.160e-01 -5.506e-02 5.154e-02) (0.000e+00 0.000e+00 0.000e+00)) ((-2.991e+01 -8.582e+01 3.556e+00) (7.449e-03 1.776e-01 2.926e-01) (0.000e+00 0.000e+00 0.000e+00))
332        	((-3.572e+00 -1.888e+00 -9.646e+01) (-7.162e-01 -5.471e-02 5.150e-02) (0.000e+00 0.000e+00 0.000e+00)) ((-2.996e+01 -8.598e+01 3.563e+00) (7.499e-03 1.775e-01 2.925e-01) (0.000e+00 0.000e+00 0.000e+00))
333        	((-3.582e+00 -1.894e+00 -9.665e+01) (-7.163e-01 -5.440e-02 5.145e-02) (0.000e+00 0.000e+00 0.000e+00)) ((-3.003e+01 -8.616e+01 3.572e+00) (7.537e-03 1.775e-01 2.924e-01) (0.000e+00 0.000e+00 0.000e+00))
334        	((-3.589e+00 -1.903e+00 -9.686e+01) (-7.163e-01 -5.412e-02 5.139e-02) (0.000e+00 0.000e+00 0.000e+00)) ((-3.011e+01 -8.634e+01 3.583e+00) (7.563e-03 1.774e-01 2.922e-01) (0.000e+00 0.000e+00 0.000e+00))
335        	((-3.593e+00 -1.914e+00 -9.709e+01) (-7.164e-01 -5.387e-02 5.133e-02) (0.000e+00 0.000e+00 0.000e+00)) ((-3.019e+01 -8.652e+01 3.595e+00) (7.585e-03 1.773e-01 2.921e-01) (0.000e+00 0.000e+00 0.000e+00))
336        	((-3.593e+00 -1.928e+00 -9.732e+01) (-7.164e-01 -5.363e-02 5.127e-02) (0.000e+00 0.000e+00 0.000e+00)) ((-3.027e+01 -8.669e+01 3.609e+00) (7.603e-03 1.771e-01 2.919e-01) (0.000e+00 0.000e+00 0.000e+00))
337        	((-3.591e+00 -1.944e+00 -9.754e+01) (-7.164e-01 -5.344e-02 5.121e-02) (0.000e+00 0.000e+00 0.000e+00)) ((-3.035e+01 -8.685e+01 3.623e+00) (7.613e-03 1.770e-01 2.918e-01) (0.000e+00 0.000e+00 0.000e+00))
338        	((-3.587e+00 -1.961e+00 -9.770e+01) (-7.164e-01 -5.330e-02 5.114e-02) (0.000e+00 0.000e+00 0.000e+00)) ((-3.042e+01 -8.696e+01 3.639e+00) (7.609e-03 1.769e-01 2.917e-01) (0.000e+00 0.000e+00 0.000e+00))
339        	((-3.580e+00 -1.978e+00 -9.781e+01) (-7.163e-01 -5.319e-02 5.108e-02) (0.000e+00 0.000e+00 0.000e+00)) ((-3.046e+01 -8.702e+01 3.654e+00) (7.593e-03 1.768e-01 2.916e-01) (0.000e+00 0.000e+00 0.000e+00))
340        	((-3.571e+00 -1.994e+00 -9.784e+01) (-7.162e-01 -5.311e-02 5.102e-02) (0.000e+00 0.000e+00 0.000e+00)) ((-3.047e+01 -8.701e+01 3.669e+00) (7.574e-03 1.767e-01 2.916e-01) (0.000e+00 0.000e+00 0.000e+00))
341        	((-3.561e+00 -2.010e+00 -9.779e+01) (-7.160e-01 -5.306e-02 5.099e-02) (0.000e+00 0.000e+00 0.000e+00)) ((-3.045e+01 -8.695e+01 3.683e+00) (7.559e-03 1.766e-01 2.915e-01) (0.000e+00 0.000e+00 0.000e+00))
342        	((-3.550e+00 -2.025e+00 -9.769e+01) (-7.159e-01 -5.305e-02 5.098e-02) (0.000e+00 0.000e+00 0.000e+00)) ((-3.041e+01 -8.685e+01 3.697e+00) (7.536e-03 1.765e-01 2.915e-01) (0.000e+00 0.000e+00 0.000e+00))
343        	((-3.539e+00 -2.038e+00 -9.753e+01) (-7.158e-01 -5.307e-02 5.098e-02) (0.000e+00 0.000e+00 0.000e+00)) ((-3.035e+01 -8.670e+01 3.711e+00) (7.515e-03 1.765e-01 2.915e-01) (0.000e+00 0.000e+00 0.000e+00))
344        	((-3.529e+00 -2.051e+00 -9.733e+01) (-7.157e-01 -5.311e-02 5.100e-02) (0.000e+00 0.000e+00 0.000e+00)) ((-3.028e+01 -8.653e+01 3.724e+00) (7.497e-03 1.765e-01 2.915e-01) (0.000e+00 0.000e+00 0.000e+00))
345        	((-3.520e+00 -2.062e+00 -9.711e+01) (-7.157e-01 -5.319e-02 5.104e-02) (0.000e+00 0.000e+00 0.000e+00)) ((-3.020e+01 -8.634e+01 3.737e+00) (7.477e-03 1.766e-01 2.916e-01) (0.000e+00 0.000e+00 0.000e+00))
346        	((-3.512e+00 -2.072e+00 -9.688e+01) (-7.157e-01 -5.330e-02 5.110e-02) (0.000e+00 0.000e+00 0.000e+00)) ((-3.011e+01 -8.615e+01 3.749e+00) (7.463e-03 1.766e-01 2.918e-01) (0.000e+00 0.000e+00 0.000e+00))
347        	((-3.505e+00 -2.081e+00 -9.665e+01) (-7.157e-01 -5.343e-02 5.118e-02) (0.000e+00 0.000e+00 0.000e+00)) ((-3.003e+01 -8.596e+01 3.760e+00) (7.449e-03 1.767e-01 2.920e-01) (0.000e+00 0.000e+00 0.000e+00))
348        	((-3.498e+00 -2.088e+00 -9.643e+01) (-7.158e-01 -5.359e-02 5.127e-02) (0.000e+00 0.000e+00 0.000e+00)) ((-2.995e+01 -8.577e+01 3.770e+00) (7.440e-03 1.768e-01 2.922e-01) (0.000e+00 0.000e+00 0.000e+00))
349        	((-3.492e+00 -2.093e+00 -9.623e+01) (-7.160e-01 -5.377e-02 5.138e-02) (0.000e+00 0.000e+00 0.000e+00)) ((-2.987e+01 -8.560e+01 3.779e+00) (7.437e-03 1.770e-01 2.925e-01) (0.000e+00 0.000e+00 0.000e+00))
350        	((-3.485e+00 -2.096e+00 -9.605e+01) (-7.161e-01 -5.396e-02 5.151e-02) (0.000e+00 0.000e+00 0.000e+00)) ((-2.980e+01 -8.543e+01 3.784e+00) (7.435e-03 1.772e-01 2.928e-01) (0.000e+00 0.000e+00 0.000e+00))
351        	((-3.479e+00 -2.097e+00 -9.589e+01) (-7.163e-01 -5.416e-02 5.164e-02) (0.000e+00 0.000e+00 0.000e+00)) ((-2.973e+01 -8.527e+01 3.786e+00) (7.434e-03 1.774e-01 2.931e-01) (0.000e+00 0.000e+00 0.000e+00))
352        	((-3.472e+00 -2.095e+00 -9.573e+01) (-7.165e-01 -5.438e-02 5.176e-02) (0.000e+00 0.000e+00 0.000e+00)) ((-2.967e+01 -8.512e+01 3.784e+00) (7.431e-03 1.775e-01 2.934e-01) (0.000e+00 0.000e+00 0.000e+00))
353        	((-3.464e+00 -2.090e+00 -9.558e+01) (-7.166e-01 -5.460e-02 5.188e-02) (0.000e+00 0.000e+00 0.000e+00)) ((-2.961e+01 -8.497e+01 3.779e+00) (7.428e-03 1.777e-01 2.937e-01) (0.000e+00 0.000e+00 0.000e+00))
354        	((-3.456e+00 -2.082e+00 -9.544e+01) (-7.168e-01 -5.484e-02 5.200e-02) (0.000e+00 0.000e+00 0.000e+00)) ((-2.956e+01 -8.482e+01 3.769e+00) (7.423e-03 1.779e-01 2.941e-01) (0.000e+00 0.000e+00 0.000e+00))
355        	((-3.446e+00 -2.072e+00 -9.530e+01) (-7.169e-01 -5.508e-02 5.211e-02) (0.000e+00 0.000e+00 0.000e+00)) ((-2.952e+01 -8.466e+01 3.755e+00) (7.415e-03 1.780e-01 2.944e-01) (0.000e+00 0.000e+00 0.000e+00))
356        	((-3.435e+00 -2.060e+00 -9.517e+01) (-7.170e-01 -5.532e-02 5.220e-02) (0.000e+00 0.000e+00 0.000e+00)) ((-2.948e+01 -8.451e+01 3.739e+00) (7.404e-03 1.781e-01 2.947e-01) (0.000e+00 0.000e+00 0.000e+00))
357        	((-3.424e+00 -2.046e+00 -9.505e+01) (-7.170e-01 -5.556e-02 5.227e-02) (0.000e+00 0.000e+00 0.000e+00)) ((-2.944e+01 -8.437e+01 3.719e+00) (7.389e-03 1.782e-01 2.950e-01) (0.000e+00 0.000e+00 0.000e+00))
358        	((-3.413e+00 -2.032e+00 -9.496e+01) (-7.169e-01 -5.579e-02 5.233e-02) (0.000e+00 0.000e+00 0.000e+00)) ((-2.942e+01 -8.424e+01 3.698e+00) (7.367e-03 1.782e-01 2.953e-01) (0.000e+00 0.000e+00 0.000e+00))
359        	((-3.402e+00 -2.017e+00 -9.488e+01) (-7.167e-01 -5.602e-02 5.236e-02) (0.000e+00 0.000e+00 0.000e+00)) ((-2.940e+01 -8.412e+01 3.676e+00) (7.341e-03 1.782e-01 2.955e-01) (0.000e+00 0.000e+00 0.000e+00))
360        	((-3.392e+00 -2.003e+00 -9.482e+01) (-7.164e-01 -5.625e-02 5.238e-02) (0.000e+00 0.000e+00 0.000e+00)) ((-2.939e+01 -8.402e+01 3.655e+00) (7.307e-03 1.782e-01 2.957e-01) (0.000e+00 0.000e+00 0.000e+00))
