# Forces   
# CofR     : (0.000e+00 0.000e+00 0.000e+00)
# Time     forces(pressure viscous porous)	moments(pressure viscous porous)
1          	((-6.183e+02 -9.466e+01 1.245e+02) (-7.221e-01 -6.160e-02 -1.450e+00) (0.000e+00 0.000e+00 0.000e+00)) ((7.581e+00 1.280e+02 2.694e+02) (-7.870e-01 -2.332e+00 3.856e-01) (0.000e+00 0.000e+00 0.000e+00))
2          	((-2.867e+02 -1.751e+00 3.235e+01) (-5.519e-01 -4.723e-02 -1.343e+00) (0.000e+00 0.000e+00 0.000e+00)) ((-2.833e+00 3.183e+01 9.498e+01) (-7.427e-01 -2.177e+00 2.931e-01) (0.000e+00 0.000e+00 0.000e+00))
3          	((-1.825e+02 1.668e+01 3.127e+00) (-5.126e-01 -3.728e-02 -1.316e+00) (0.000e+00 0.000e+00 0.000e+00)) ((-4.794e+00 3.094e+00 4.732e+01) (-7.346e-01 -2.139e+00 2.661e-01) (0.000e+00 0.000e+00 0.000e+00))
4          	((-1.059e+02 2.500e+01 -1.013e+01) (-4.732e-01 -3.244e-02 -1.311e+00) (0.000e+00 0.000e+00 0.000e+00)) ((-4.583e+00 -8.842e+00 1.663e+01) (-7.347e-01 -2.127e+00 2.430e-01) (0.000e+00 0.000e+00 0.000e+00))
5          	((-7.563e+01 2.436e+01 -1.117e+01) (-4.479e-01 -2.976e-02 -1.313e+00) (0.000e+00 0.000e+00 0.000e+00)) ((-3.359e+00 -8.699e+00 7.319e+00) (-7.370e-01 -2.127e+00 2.272e-01) (0.000e+00 0.000e+00 0.000e+00))
6          	((-6.212e+01 2.137e+01 -6.296e+00) (-4.414e-01 -2.734e-02 -1.315e+00) (0.000e+00 0.000e+00 0.000e+00)) ((-1.126e+00 -2.725e+00 4.793e+00) (-7.394e-01 -2.131e+00 2.184e-01) (0.000e+00 0.000e+00 0.000e+00))
7          	((-5.876e+01 1.822e+01 2.832e+00) (-4.426e-01 -2.415e-02 -1.317e+00) (0.000e+00 0.000e+00 0.000e+00)) ((1.799e+00 7.537e+00 5.640e+00) (-7.416e-01 -2.139e+00 2.121e-01) (0.000e+00 0.000e+00 0.000e+00))
8          	((-5.943e+01 1.689e+01 7.295e+00) (-4.444e-01 -2.104e-02 -1.317e+00) (0.000e+00 0.000e+00 0.000e+00)) ((3.473e+00 1.264e+01 6.805e+00) (-7.435e-01 -2.145e+00 2.069e-01) (0.000e+00 0.000e+00 0.000e+00))
9          	((-5.990e+01 1.589e+01 1.341e+01) (-4.436e-01 -1.821e-02 -1.318e+00) (0.000e+00 0.000e+00 0.000e+00)) ((5.349e+00 1.947e+01 7.782e+00) (-7.453e-01 -2.151e+00 2.019e-01) (0.000e+00 0.000e+00 0.000e+00))
10         	((-5.909e+01 1.572e+01 1.730e+01) (-4.402e-01 -1.584e-02 -1.320e+00) (0.000e+00 0.000e+00 0.000e+00)) ((6.395e+00 2.367e+01 7.833e+00) (-7.473e-01 -2.157e+00 1.967e-01) (0.000e+00 0.000e+00 0.000e+00))
11         	((-5.790e+01 1.568e+01 2.227e+01) (-4.340e-01 -1.482e-02 -1.322e+00) (0.000e+00 0.000e+00 0.000e+00)) ((7.364e+00 2.890e+01 7.310e+00) (-7.491e-01 -2.163e+00 1.924e-01) (0.000e+00 0.000e+00 0.000e+00))
12         	((-5.579e+01 1.591e+01 2.652e+01) (-4.262e-01 -1.484e-02 -1.324e+00) (0.000e+00 0.000e+00 0.000e+00)) ((7.856e+00 3.301e+01 6.028e+00) (-7.510e-01 -2.169e+00 1.887e-01) (0.000e+00 0.000e+00 0.000e+00))
13         	((-5.309e+01 1.646e+01 2.939e+01) (-4.170e-01 -1.526e-02 -1.327e+00) (0.000e+00 0.000e+00 0.000e+00)) ((7.939e+00 3.555e+01 4.248e+00) (-7.530e-01 -2.177e+00 1.852e-01) (0.000e+00 0.000e+00 0.000e+00))
14         	((-5.024e+01 1.709e+01 3.134e+01) (-4.066e-01 -1.617e-02 -1.330e+00) (0.000e+00 0.000e+00 0.000e+00)) ((7.768e+00 3.697e+01 2.323e+00) (-7.549e-01 -2.185e+00 1.819e-01) (0.000e+00 0.000e+00 0.000e+00))
15         	((-4.756e+01 1.757e+01 3.255e+01) (-3.960e-01 -1.742e-02 -1.333e+00) (0.000e+00 0.000e+00 0.000e+00)) ((7.444e+00 3.740e+01 5.714e-01) (-7.569e-01 -2.193e+00 1.787e-01) (0.000e+00 0.000e+00 0.000e+00))
16         	((-4.515e+01 1.772e+01 3.333e+01) (-3.852e-01 -1.887e-02 -1.337e+00) (0.000e+00 0.000e+00 0.000e+00)) ((7.085e+00 3.711e+01 -8.569e-01) (-7.593e-01 -2.203e+00 1.760e-01) (0.000e+00 0.000e+00 0.000e+00))
17         	((-4.297e+01 1.753e+01 3.400e+01) (-3.745e-01 -2.053e-02 -1.343e+00) (0.000e+00 0.000e+00 0.000e+00)) ((6.847e+00 3.668e+01 -1.797e+00) (-7.630e-01 -2.215e+00 1.739e-01) (0.000e+00 0.000e+00 0.000e+00))
18         	((-4.082e+01 1.689e+01 3.454e+01) (-3.639e-01 -2.251e-02 -1.351e+00) (0.000e+00 0.000e+00 0.000e+00)) ((6.642e+00 3.607e+01 -2.292e+00) (-7.684e-01 -2.230e+00 1.725e-01) (0.000e+00 0.000e+00 0.000e+00))
19         	((-3.877e+01 1.588e+01 3.514e+01) (-3.534e-01 -2.464e-02 -1.362e+00) (0.000e+00 0.000e+00 0.000e+00)) ((6.547e+00 3.555e+01 -2.402e+00) (-7.757e-01 -2.251e+00 1.716e-01) (0.000e+00 0.000e+00 0.000e+00))
20         	((-3.696e+01 1.472e+01 3.553e+01) (-3.433e-01 -2.657e-02 -1.378e+00) (0.000e+00 0.000e+00 0.000e+00)) ((6.481e+00 3.509e+01 -2.252e+00) (-7.862e-01 -2.279e+00 1.704e-01) (0.000e+00 0.000e+00 0.000e+00))
21         	((-3.484e+01 1.319e+01 3.670e+01) (-3.342e-01 -2.833e-02 -1.400e+00) (0.000e+00 0.000e+00 0.000e+00)) ((6.709e+00 3.522e+01 -2.036e+00) (-8.001e-01 -2.316e+00 1.695e-01) (0.000e+00 0.000e+00 0.000e+00))
22         	((-3.349e+01 1.204e+01 3.707e+01) (-3.251e-01 -2.969e-02 -1.430e+00) (0.000e+00 0.000e+00 0.000e+00)) ((6.770e+00 3.512e+01 -1.741e+00) (-8.177e-01 -2.364e+00 1.677e-01) (0.000e+00 0.000e+00 0.000e+00))
23         	((-3.218e+01 1.072e+01 3.794e+01) (-3.164e-01 -3.154e-02 -1.468e+00) (0.000e+00 0.000e+00 0.000e+00)) ((7.008e+00 3.518e+01 -1.404e+00) (-8.401e-01 -2.425e+00 1.665e-01) (0.000e+00 0.000e+00 0.000e+00))
24         	((-3.132e+01 9.760e+00 3.807e+01) (-3.068e-01 -3.319e-02 -1.517e+00) (0.000e+00 0.000e+00 0.000e+00)) ((7.065e+00 3.494e+01 -9.880e-01) (-8.692e-01 -2.504e+00 1.643e-01) (0.000e+00 0.000e+00 0.000e+00))
25         	((-3.029e+01 8.644e+00 3.833e+01) (-2.958e-01 -3.500e-02 -1.583e+00) (0.000e+00 0.000e+00 0.000e+00)) ((7.207e+00 3.454e+01 -4.414e-01) (-9.079e-01 -2.610e+00 1.614e-01) (0.000e+00 0.000e+00 0.000e+00))
26         	((-2.965e+01 7.986e+00 3.819e+01) (-2.845e-01 -3.731e-02 -1.668e+00) (0.000e+00 0.000e+00 0.000e+00)) ((7.182e+00 3.409e+01 -1.146e-01) (-9.579e-01 -2.746e+00 1.591e-01) (0.000e+00 0.000e+00 0.000e+00))
27         	((-2.869e+01 7.484e+00 3.823e+01) (-2.734e-01 -4.075e-02 -1.781e+00) (0.000e+00 0.000e+00 0.000e+00)) ((7.250e+00 3.355e+01 1.518e-01) (-1.024e+00 -2.927e+00 1.582e-01) (0.000e+00 0.000e+00 0.000e+00))
28         	((-2.815e+01 7.403e+00 3.832e+01) (-2.614e-01 -4.411e-02 -1.927e+00) (0.000e+00 0.000e+00 0.000e+00)) ((7.287e+00 3.337e+01 1.333e-01) (-1.111e+00 -3.163e+00 1.564e-01) (0.000e+00 0.000e+00 0.000e+00))
29         	((-2.719e+01 7.605e+00 3.863e+01) (-2.500e-01 -4.725e-02 -2.108e+00) (0.000e+00 0.000e+00 0.000e+00)) ((7.420e+00 3.308e+01 -6.126e-02) (-1.217e+00 -3.456e+00 1.546e-01) (0.000e+00 0.000e+00 0.000e+00))
30         	((-2.678e+01 7.858e+00 3.880e+01) (-2.394e-01 -5.008e-02 -2.317e+00) (0.000e+00 0.000e+00 0.000e+00)) ((7.483e+00 3.289e+01 -3.128e-01) (-1.339e+00 -3.796e+00 1.526e-01) (0.000e+00 0.000e+00 0.000e+00))
31         	((-2.622e+01 8.242e+00 3.942e+01) (-2.278e-01 -5.254e-02 -2.563e+00) (0.000e+00 0.000e+00 0.000e+00)) ((7.716e+00 3.276e+01 -6.648e-01) (-1.482e+00 -4.196e+00 1.495e-01) (0.000e+00 0.000e+00 0.000e+00))
32         	((-2.599e+01 8.562e+00 3.979e+01) (-2.157e-01 -5.592e-02 -2.845e+00) (0.000e+00 0.000e+00 0.000e+00)) ((7.889e+00 3.268e+01 -1.015e+00) (-1.644e+00 -4.654e+00 1.475e-01) (0.000e+00 0.000e+00 0.000e+00))
33         	((-2.545e+01 8.982e+00 4.072e+01) (-2.021e-01 -6.192e-02 -3.166e+00) (0.000e+00 0.000e+00 0.000e+00)) ((8.287e+00 3.286e+01 -1.551e+00) (-1.828e+00 -5.176e+00 1.485e-01) (0.000e+00 0.000e+00 0.000e+00))
34         	((-2.530e+01 9.163e+00 4.128e+01) (-1.912e-01 -7.173e-02 -3.539e+00) (0.000e+00 0.000e+00 0.000e+00)) ((8.560e+00 3.307e+01 -1.735e+00) (-2.041e+00 -5.785e+00 1.569e-01) (0.000e+00 0.000e+00 0.000e+00))
35         	((-2.474e+01 9.286e+00 4.227e+01) (-1.842e-01 -8.396e-02 -3.963e+00) (0.000e+00 0.000e+00 0.000e+00)) ((9.011e+00 3.347e+01 -1.923e+00) (-2.282e+00 -6.476e+00 1.715e-01) (0.000e+00 0.000e+00 0.000e+00))
36         	((-2.454e+01 9.225e+00 4.294e+01) (-1.813e-01 -9.952e-02 -4.434e+00) (0.000e+00 0.000e+00 0.000e+00)) ((9.315e+00 3.388e+01 -1.752e+00) (-2.549e+00 -7.248e+00 1.938e-01) (0.000e+00 0.000e+00 0.000e+00))
37         	((-2.397e+01 9.035e+00 4.400e+01) (-1.808e-01 -1.180e-01 -4.946e+00) (0.000e+00 0.000e+00 0.000e+00)) ((9.718e+00 3.449e+01 -1.440e+00) (-2.840e+00 -8.092e+00 2.226e-01) (0.000e+00 0.000e+00 0.000e+00))
38         	((-2.376e+01 8.774e+00 4.475e+01) (-1.919e-01 -1.419e-01 -5.503e+00) (0.000e+00 0.000e+00 0.000e+00)) ((1.001e+01 3.505e+01 -1.027e+00) (-3.155e+00 -9.014e+00 2.669e-01) (0.000e+00 0.000e+00 0.000e+00))
39         	((-2.315e+01 8.468e+00 4.601e+01) (-2.164e-01 -1.685e-01 -6.100e+00) (0.000e+00 0.000e+00 0.000e+00)) ((1.041e+01 3.604e+01 -5.608e-01) (-3.493e+00 -1.000e+01 3.238e-01) (0.000e+00 0.000e+00 0.000e+00))
40         	((-2.289e+01 8.129e+00 4.666e+01) (-2.519e-01 -1.959e-01 -6.726e+00) (0.000e+00 0.000e+00 0.000e+00)) ((1.067e+01 3.671e+01 -1.319e-01) (-3.848e+00 -1.104e+01 3.888e-01) (0.000e+00 0.000e+00 0.000e+00))
41         	((-2.244e+01 7.612e+00 4.759e+01) (-2.912e-01 -2.218e-01 -7.377e+00) (0.000e+00 0.000e+00 0.000e+00)) ((1.098e+01 3.758e+01 4.037e-01) (-4.216e+00 -1.212e+01 4.539e-01) (0.000e+00 0.000e+00 0.000e+00))
42         	((-2.229e+01 7.210e+00 4.783e+01) (-3.363e-01 -2.454e-01 -8.051e+00) (0.000e+00 0.000e+00 0.000e+00)) ((1.111e+01 3.785e+01 6.884e-01) (-4.597e+00 -1.324e+01 5.186e-01) (0.000e+00 0.000e+00 0.000e+00))
43         	((-2.206e+01 6.829e+00 4.799e+01) (-3.870e-01 -2.668e-01 -8.745e+00) (0.000e+00 0.000e+00 0.000e+00)) ((1.118e+01 3.798e+01 8.513e-01) (-4.988e+00 -1.439e+01 5.830e-01) (0.000e+00 0.000e+00 0.000e+00))
44         	((-2.196e+01 6.680e+00 4.810e+01) (-4.410e-01 -2.870e-01 -9.484e+00) (0.000e+00 0.000e+00 0.000e+00)) ((1.125e+01 3.799e+01 7.837e-01) (-5.403e+00 -1.562e+01 6.470e-01) (0.000e+00 0.000e+00 0.000e+00))
45         	((-2.196e+01 6.814e+00 4.827e+01) (-4.977e-01 -3.042e-01 -1.027e+01) (0.000e+00 0.000e+00 0.000e+00)) ((1.130e+01 3.800e+01 4.888e-01) (-5.843e+00 -1.692e+01 7.070e-01) (0.000e+00 0.000e+00 0.000e+00))
46         	((-2.209e+01 7.186e+00 4.858e+01) (-5.481e-01 -3.152e-01 -1.108e+01) (0.000e+00 0.000e+00 0.000e+00)) ((1.138e+01 3.811e+01 3.142e-02) (-6.295e+00 -1.827e+01 7.525e-01) (0.000e+00 0.000e+00 0.000e+00))
47         	((-2.230e+01 7.723e+00 4.905e+01) (-5.907e-01 -3.209e-01 -1.192e+01) (0.000e+00 0.000e+00 0.000e+00)) ((1.150e+01 3.837e+01 -4.892e-01) (-6.759e+00 -1.965e+01 7.841e-01) (0.000e+00 0.000e+00 0.000e+00))
48         	((-2.256e+01 8.301e+00 4.958e+01) (-6.280e-01 -3.231e-01 -1.276e+01) (0.000e+00 0.000e+00 0.000e+00)) ((1.164e+01 3.872e+01 -9.743e-01) (-7.227e+00 -2.105e+01 8.071e-01) (0.000e+00 0.000e+00 0.000e+00))
49         	((-2.292e+01 8.843e+00 5.007e+01) (-6.563e-01 -3.219e-01 -1.361e+01) (0.000e+00 0.000e+00 0.000e+00)) ((1.180e+01 3.908e+01 -1.375e+00) (-7.693e+00 -2.243e+01 8.192e-01) (0.000e+00 0.000e+00 0.000e+00))
50         	((-2.341e+01 9.320e+00 5.047e+01) (-6.808e-01 -3.183e-01 -1.445e+01) (0.000e+00 0.000e+00 0.000e+00)) ((1.195e+01 3.935e+01 -1.700e+00) (-8.154e+00 -2.380e+01 8.252e-01) (0.000e+00 0.000e+00 0.000e+00))
51         	((-2.402e+01 9.763e+00 5.078e+01) (-7.019e-01 -3.108e-01 -1.526e+01) (0.000e+00 0.000e+00 0.000e+00)) ((1.208e+01 3.960e+01 -1.965e+00) (-8.601e+00 -2.512e+01 8.231e-01) (0.000e+00 0.000e+00 0.000e+00))
52         	((-2.468e+01 1.019e+01 5.099e+01) (-7.206e-01 -3.001e-01 -1.607e+01) (0.000e+00 0.000e+00 0.000e+00)) ((1.219e+01 3.982e+01 -2.200e+00) (-9.046e+00 -2.642e+01 8.145e-01) (0.000e+00 0.000e+00 0.000e+00))
53         	((-2.535e+01 1.058e+01 5.115e+01) (-7.359e-01 -2.872e-01 -1.687e+01) (0.000e+00 0.000e+00 0.000e+00)) ((1.228e+01 4.005e+01 -2.368e+00) (-9.489e+00 -2.771e+01 8.003e-01) (0.000e+00 0.000e+00 0.000e+00))
54         	((-2.599e+01 1.087e+01 5.128e+01) (-7.474e-01 -2.745e-01 -1.765e+01) (0.000e+00 0.000e+00 0.000e+00)) ((1.233e+01 4.026e+01 -2.405e+00) (-9.922e+00 -2.897e+01 7.848e-01) (0.000e+00 0.000e+00 0.000e+00))
55         	((-2.664e+01 1.108e+01 5.146e+01) (-7.568e-01 -2.633e-01 -1.841e+01) (0.000e+00 0.000e+00 0.000e+00)) ((1.239e+01 4.056e+01 -2.317e+00) (-1.034e+01 -3.017e+01 7.704e-01) (0.000e+00 0.000e+00 0.000e+00))
56         	((-2.729e+01 1.129e+01 5.168e+01) (-7.665e-01 -2.536e-01 -1.912e+01) (0.000e+00 0.000e+00 0.000e+00)) ((1.247e+01 4.099e+01 -2.218e+00) (-1.073e+01 -3.129e+01 7.586e-01) (0.000e+00 0.000e+00 0.000e+00))
57         	((-2.792e+01 1.157e+01 5.193e+01) (-7.746e-01 -2.451e-01 -1.980e+01) (0.000e+00 0.000e+00 0.000e+00)) ((1.258e+01 4.153e+01 -2.198e+00) (-1.110e+01 -3.235e+01 7.487e-01) (0.000e+00 0.000e+00 0.000e+00))
58         	((-2.853e+01 1.191e+01 5.219e+01) (-7.787e-01 -2.364e-01 -2.042e+01) (0.000e+00 0.000e+00 0.000e+00)) ((1.273e+01 4.216e+01 -2.293e+00) (-1.145e+01 -3.332e+01 7.367e-01) (0.000e+00 0.000e+00 0.000e+00))
59         	((-2.921e+01 1.234e+01 5.238e+01) (-7.802e-01 -2.279e-01 -2.098e+01) (0.000e+00 0.000e+00 0.000e+00)) ((1.289e+01 4.282e+01 -2.475e+00) (-1.176e+01 -3.420e+01 7.238e-01) (0.000e+00 0.000e+00 0.000e+00))
60         	((-2.958e+01 1.273e+01 5.253e+01) (-7.783e-01 -2.196e-01 -2.150e+01) (0.000e+00 0.000e+00 0.000e+00)) ((1.306e+01 4.338e+01 -2.749e+00) (-1.205e+01 -3.501e+01 7.096e-01) (0.000e+00 0.000e+00 0.000e+00))
61         	((-2.999e+01 1.317e+01 5.241e+01) (-7.739e-01 -2.126e-01 -2.198e+01) (0.000e+00 0.000e+00 0.000e+00)) ((1.319e+01 4.376e+01 -3.074e+00) (-1.232e+01 -3.575e+01 6.960e-01) (0.000e+00 0.000e+00 0.000e+00))
62         	((-3.015e+01 1.337e+01 5.237e+01) (-7.677e-01 -2.065e-01 -2.241e+01) (0.000e+00 0.000e+00 0.000e+00)) ((1.329e+01 4.408e+01 -3.245e+00) (-1.256e+01 -3.642e+01 6.827e-01) (0.000e+00 0.000e+00 0.000e+00))
63         	((-3.022e+01 1.341e+01 5.201e+01) (-7.603e-01 -2.029e-01 -2.279e+01) (0.000e+00 0.000e+00 0.000e+00)) ((1.331e+01 4.416e+01 -3.277e+00) (-1.278e+01 -3.702e+01 6.717e-01) (0.000e+00 0.000e+00 0.000e+00))
64         	((-3.019e+01 1.329e+01 5.189e+01) (-7.527e-01 -2.018e-01 -2.313e+01) (0.000e+00 0.000e+00 0.000e+00)) ((1.336e+01 4.428e+01 -3.149e+00) (-1.297e+01 -3.755e+01 6.638e-01) (0.000e+00 0.000e+00 0.000e+00))
65         	((-3.015e+01 1.292e+01 5.151e+01) (-7.444e-01 -2.025e-01 -2.342e+01) (0.000e+00 0.000e+00 0.000e+00)) ((1.333e+01 4.407e+01 -2.742e+00) (-1.314e+01 -3.801e+01 6.576e-01) (0.000e+00 0.000e+00 0.000e+00))
66         	((-3.019e+01 1.241e+01 5.099e+01) (-7.366e-01 -2.046e-01 -2.368e+01) (0.000e+00 0.000e+00 0.000e+00)) ((1.322e+01 4.365e+01 -2.083e+00) (-1.329e+01 -3.842e+01 6.534e-01) (0.000e+00 0.000e+00 0.000e+00))
67         	((-3.035e+01 1.181e+01 5.043e+01) (-7.301e-01 -2.074e-01 -2.391e+01) (0.000e+00 0.000e+00 0.000e+00)) ((1.310e+01 4.311e+01 -1.247e+00) (-1.342e+01 -3.877e+01 6.503e-01) (0.000e+00 0.000e+00 0.000e+00))
68         	((-3.061e+01 1.122e+01 4.995e+01) (-7.259e-01 -2.122e-01 -2.410e+01) (0.000e+00 0.000e+00 0.000e+00)) ((1.302e+01 4.262e+01 -3.548e-01) (-1.353e+01 -3.907e+01 6.514e-01) (0.000e+00 0.000e+00 0.000e+00))
69         	((-3.091e+01 1.069e+01 4.956e+01) (-7.226e-01 -2.195e-01 -2.428e+01) (0.000e+00 0.000e+00 0.000e+00)) ((1.299e+01 4.224e+01 4.840e-01) (-1.363e+01 -3.934e+01 6.566e-01) (0.000e+00 0.000e+00 0.000e+00))
70         	((-3.122e+01 1.030e+01 4.925e+01) (-7.222e-01 -2.289e-01 -2.443e+01) (0.000e+00 0.000e+00 0.000e+00)) ((1.300e+01 4.197e+01 1.166e+00) (-1.372e+01 -3.958e+01 6.671e-01) (0.000e+00 0.000e+00 0.000e+00))
71         	((-3.154e+01 1.011e+01 4.902e+01) (-7.244e-01 -2.402e-01 -2.456e+01) (0.000e+00 0.000e+00 0.000e+00)) ((1.304e+01 4.179e+01 1.656e+00) (-1.379e+01 -3.979e+01 6.820e-01) (0.000e+00 0.000e+00 0.000e+00))
72         	((-3.186e+01 1.012e+01 4.896e+01) (-7.301e-01 -2.536e-01 -2.468e+01) (0.000e+00 0.000e+00 0.000e+00)) ((1.313e+01 4.177e+01 1.966e+00) (-1.386e+01 -3.997e+01 7.025e-01) (0.000e+00 0.000e+00 0.000e+00))
73         	((-3.214e+01 1.028e+01 4.905e+01) (-7.385e-01 -2.691e-01 -2.478e+01) (0.000e+00 0.000e+00 0.000e+00)) ((1.328e+01 4.194e+01 2.150e+00) (-1.392e+01 -4.013e+01 7.281e-01) (0.000e+00 0.000e+00 0.000e+00))
74         	((-3.233e+01 1.052e+01 4.924e+01) (-7.486e-01 -2.869e-01 -2.487e+01) (0.000e+00 0.000e+00 0.000e+00)) ((1.345e+01 4.222e+01 2.233e+00) (-1.397e+01 -4.028e+01 7.582e-01) (0.000e+00 0.000e+00 0.000e+00))
75         	((-3.241e+01 1.080e+01 4.948e+01) (-7.594e-01 -3.060e-01 -2.496e+01) (0.000e+00 0.000e+00 0.000e+00)) ((1.361e+01 4.255e+01 2.240e+00) (-1.402e+01 -4.041e+01 7.913e-01) (0.000e+00 0.000e+00 0.000e+00))
76         	((-3.241e+01 1.105e+01 4.969e+01) (-7.699e-01 -3.242e-01 -2.503e+01) (0.000e+00 0.000e+00 0.000e+00)) ((1.373e+01 4.285e+01 2.239e+00) (-1.407e+01 -4.053e+01 8.231e-01) (0.000e+00 0.000e+00 0.000e+00))
77         	((-3.237e+01 1.122e+01 4.992e+01) (-7.790e-01 -3.410e-01 -2.511e+01) (0.000e+00 0.000e+00 0.000e+00)) ((1.384e+01 4.319e+01 2.288e+00) (-1.411e+01 -4.064e+01 8.521e-01) (0.000e+00 0.000e+00 0.000e+00))
78         	((-3.234e+01 1.133e+01 5.017e+01) (-7.858e-01 -3.550e-01 -2.517e+01) (0.000e+00 0.000e+00 0.000e+00)) ((1.396e+01 4.356e+01 2.424e+00) (-1.414e+01 -4.074e+01 8.755e-01) (0.000e+00 0.000e+00 0.000e+00))
79         	((-3.234e+01 1.140e+01 5.047e+01) (-7.913e-01 -3.656e-01 -2.523e+01) (0.000e+00 0.000e+00 0.000e+00)) ((1.410e+01 4.398e+01 2.622e+00) (-1.418e+01 -4.083e+01 8.927e-01) (0.000e+00 0.000e+00 0.000e+00))
80         	((-3.239e+01 1.142e+01 5.079e+01) (-7.954e-01 -3.722e-01 -2.528e+01) (0.000e+00 0.000e+00 0.000e+00)) ((1.427e+01 4.443e+01 2.893e+00) (-1.421e+01 -4.092e+01 9.024e-01) (0.000e+00 0.000e+00 0.000e+00))
81         	((-3.243e+01 1.140e+01 5.109e+01) (-7.991e-01 -3.748e-01 -2.534e+01) (0.000e+00 0.000e+00 0.000e+00)) ((1.443e+01 4.486e+01 3.180e+00) (-1.424e+01 -4.100e+01 9.055e-01) (0.000e+00 0.000e+00 0.000e+00))
82         	((-3.242e+01 1.133e+01 5.134e+01) (-8.023e-01 -3.726e-01 -2.539e+01) (0.000e+00 0.000e+00 0.000e+00)) ((1.460e+01 4.523e+01 3.453e+00) (-1.427e+01 -4.108e+01 9.010e-01) (0.000e+00 0.000e+00 0.000e+00))
83         	((-3.234e+01 1.121e+01 5.155e+01) (-8.063e-01 -3.670e-01 -2.543e+01) (0.000e+00 0.000e+00 0.000e+00)) ((1.477e+01 4.557e+01 3.668e+00) (-1.430e+01 -4.115e+01 8.917e-01) (0.000e+00 0.000e+00 0.000e+00))
84         	((-3.219e+01 1.104e+01 5.176e+01) (-8.104e-01 -3.592e-01 -2.548e+01) (0.000e+00 0.000e+00 0.000e+00)) ((1.493e+01 4.590e+01 3.841e+00) (-1.433e+01 -4.122e+01 8.793e-01) (0.000e+00 0.000e+00 0.000e+00))
85         	((-3.199e+01 1.082e+01 5.195e+01) (-8.153e-01 -3.506e-01 -2.552e+01) (0.000e+00 0.000e+00 0.000e+00)) ((1.509e+01 4.623e+01 3.969e+00) (-1.436e+01 -4.129e+01 8.662e-01) (0.000e+00 0.000e+00 0.000e+00))
86         	((-3.179e+01 1.054e+01 5.213e+01) (-8.209e-01 -3.430e-01 -2.555e+01) (0.000e+00 0.000e+00 0.000e+00)) ((1.524e+01 4.655e+01 4.090e+00) (-1.438e+01 -4.135e+01 8.545e-01) (0.000e+00 0.000e+00 0.000e+00))
87         	((-3.157e+01 1.017e+01 5.229e+01) (-8.272e-01 -3.378e-01 -2.559e+01) (0.000e+00 0.000e+00 0.000e+00)) ((1.537e+01 4.683e+01 4.281e+00) (-1.440e+01 -4.140e+01 8.466e-01) (0.000e+00 0.000e+00 0.000e+00))
88         	((-3.137e+01 9.688e+00 5.240e+01) (-8.339e-01 -3.358e-01 -2.562e+01) (0.000e+00 0.000e+00 0.000e+00)) ((1.546e+01 4.703e+01 4.597e+00) (-1.442e+01 -4.145e+01 8.437e-01) (0.000e+00 0.000e+00 0.000e+00))
89         	((-3.124e+01 9.089e+00 5.244e+01) (-8.413e-01 -3.363e-01 -2.564e+01) (0.000e+00 0.000e+00 0.000e+00)) ((1.552e+01 4.713e+01 5.062e+00) (-1.444e+01 -4.149e+01 8.449e-01) (0.000e+00 0.000e+00 0.000e+00))
90         	((-3.122e+01 8.397e+00 5.241e+01) (-8.496e-01 -3.389e-01 -2.566e+01) (0.000e+00 0.000e+00 0.000e+00)) ((1.552e+01 4.714e+01 5.680e+00) (-1.445e+01 -4.152e+01 8.497e-01) (0.000e+00 0.000e+00 0.000e+00))
91         	((-3.130e+01 7.678e+00 5.231e+01) (-8.591e-01 -3.438e-01 -2.568e+01) (0.000e+00 0.000e+00 0.000e+00)) ((1.548e+01 4.705e+01 6.393e+00) (-1.446e+01 -4.155e+01 8.580e-01) (0.000e+00 0.000e+00 0.000e+00))
92         	((-3.147e+01 7.037e+00 5.213e+01) (-8.693e-01 -3.498e-01 -2.569e+01) (0.000e+00 0.000e+00 0.000e+00)) ((1.539e+01 4.686e+01 7.101e+00) (-1.447e+01 -4.158e+01 8.684e-01) (0.000e+00 0.000e+00 0.000e+00))
93         	((-3.171e+01 6.547e+00 5.185e+01) (-8.799e-01 -3.562e-01 -2.571e+01) (0.000e+00 0.000e+00 0.000e+00)) ((1.525e+01 4.651e+01 7.734e+00) (-1.448e+01 -4.160e+01 8.801e-01) (0.000e+00 0.000e+00 0.000e+00))
94         	((-3.199e+01 6.253e+00 5.146e+01) (-8.907e-01 -3.624e-01 -2.572e+01) (0.000e+00 0.000e+00 0.000e+00)) ((1.506e+01 4.602e+01 8.240e+00) (-1.448e+01 -4.162e+01 8.925e-01) (0.000e+00 0.000e+00 0.000e+00))
95         	((-3.229e+01 6.157e+00 5.090e+01) (-9.017e-01 -3.679e-01 -2.572e+01) (0.000e+00 0.000e+00 0.000e+00)) ((1.481e+01 4.532e+01 8.592e+00) (-1.449e+01 -4.163e+01 9.047e-01) (0.000e+00 0.000e+00 0.000e+00))
96         	((-3.257e+01 6.221e+00 5.024e+01) (-9.117e-01 -3.726e-01 -2.573e+01) (0.000e+00 0.000e+00 0.000e+00)) ((1.451e+01 4.449e+01 8.809e+00) (-1.449e+01 -4.164e+01 9.158e-01) (0.000e+00 0.000e+00 0.000e+00))
97         	((-3.282e+01 6.358e+00 4.956e+01) (-9.209e-01 -3.762e-01 -2.573e+01) (0.000e+00 0.000e+00 0.000e+00)) ((1.419e+01 4.364e+01 8.952e+00) (-1.449e+01 -4.165e+01 9.252e-01) (0.000e+00 0.000e+00 0.000e+00))
98         	((-3.302e+01 6.520e+00 4.892e+01) (-9.292e-01 -3.787e-01 -2.573e+01) (0.000e+00 0.000e+00 0.000e+00)) ((1.389e+01 4.283e+01 9.059e+00) (-1.449e+01 -4.166e+01 9.327e-01) (0.000e+00 0.000e+00 0.000e+00))
99         	((-3.317e+01 6.690e+00 4.838e+01) (-9.370e-01 -3.803e-01 -2.574e+01) (0.000e+00 0.000e+00 0.000e+00)) ((1.361e+01 4.215e+01 9.144e+00) (-1.449e+01 -4.167e+01 9.387e-01) (0.000e+00 0.000e+00 0.000e+00))
100        	((-3.324e+01 6.846e+00 4.797e+01) (-9.443e-01 -3.812e-01 -2.574e+01) (0.000e+00 0.000e+00 0.000e+00)) ((1.337e+01 4.162e+01 9.206e+00) (-1.450e+01 -4.169e+01 9.434e-01) (0.000e+00 0.000e+00 0.000e+00))
101        	((-3.322e+01 6.981e+00 4.765e+01) (-9.512e-01 -3.813e-01 -2.574e+01) (0.000e+00 0.000e+00 0.000e+00)) ((1.316e+01 4.122e+01 9.230e+00) (-1.450e+01 -4.170e+01 9.469e-01) (0.000e+00 0.000e+00 0.000e+00))
102        	((-3.312e+01 7.088e+00 4.742e+01) (-9.585e-01 -3.811e-01 -2.575e+01) (0.000e+00 0.000e+00 0.000e+00)) ((1.298e+01 4.095e+01 9.216e+00) (-1.450e+01 -4.171e+01 9.499e-01) (0.000e+00 0.000e+00 0.000e+00))
103        	((-3.297e+01 7.149e+00 4.725e+01) (-9.661e-01 -3.810e-01 -2.575e+01) (0.000e+00 0.000e+00 0.000e+00)) ((1.281e+01 4.078e+01 9.209e+00) (-1.451e+01 -4.173e+01 9.529e-01) (0.000e+00 0.000e+00 0.000e+00))
104        	((-3.282e+01 7.145e+00 4.714e+01) (-9.738e-01 -3.813e-01 -2.576e+01) (0.000e+00 0.000e+00 0.000e+00)) ((1.268e+01 4.068e+01 9.259e+00) (-1.451e+01 -4.174e+01 9.564e-01) (0.000e+00 0.000e+00 0.000e+00))
105        	((-3.272e+01 7.067e+00 4.705e+01) (-9.813e-01 -3.827e-01 -2.576e+01) (0.000e+00 0.000e+00 0.000e+00)) ((1.255e+01 4.061e+01 9.391e+00) (-1.451e+01 -4.175e+01 9.611e-01) (0.000e+00 0.000e+00 0.000e+00))
106        	((-3.270e+01 6.934e+00 4.697e+01) (-9.886e-01 -3.856e-01 -2.577e+01) (0.000e+00 0.000e+00 0.000e+00)) ((1.243e+01 4.055e+01 9.585e+00) (-1.452e+01 -4.177e+01 9.678e-01) (0.000e+00 0.000e+00 0.000e+00))
107        	((-3.275e+01 6.771e+00 4.694e+01) (-9.954e-01 -3.897e-01 -2.577e+01) (0.000e+00 0.000e+00 0.000e+00)) ((1.231e+01 4.050e+01 9.801e+00) (-1.452e+01 -4.178e+01 9.760e-01) (0.000e+00 0.000e+00 0.000e+00))
108        	((-3.287e+01 6.599e+00 4.697e+01) (-1.002e+00 -3.949e-01 -2.577e+01) (0.000e+00 0.000e+00 0.000e+00)) ((1.222e+01 4.048e+01 1.001e+01) (-1.452e+01 -4.178e+01 9.855e-01) (0.000e+00 0.000e+00 0.000e+00))
109        	((-3.301e+01 6.437e+00 4.713e+01) (-1.008e+00 -4.007e-01 -2.578e+01) (0.000e+00 0.000e+00 0.000e+00)) ((1.218e+01 4.054e+01 1.018e+01) (-1.452e+01 -4.179e+01 9.958e-01) (0.000e+00 0.000e+00 0.000e+00))
110        	((-3.315e+01 6.302e+00 4.744e+01) (-1.014e+00 -4.065e-01 -2.578e+01) (0.000e+00 0.000e+00 0.000e+00)) ((1.221e+01 4.070e+01 1.031e+01) (-1.453e+01 -4.180e+01 1.006e+00) (0.000e+00 0.000e+00 0.000e+00))
111        	((-3.327e+01 6.202e+00 4.789e+01) (-1.020e+00 -4.121e-01 -2.578e+01) (0.000e+00 0.000e+00 0.000e+00)) ((1.230e+01 4.099e+01 1.039e+01) (-1.453e+01 -4.180e+01 1.016e+00) (0.000e+00 0.000e+00 0.000e+00))
112        	((-3.334e+01 6.160e+00 4.846e+01) (-1.026e+00 -4.175e-01 -2.578e+01) (0.000e+00 0.000e+00 0.000e+00)) ((1.245e+01 4.137e+01 1.040e+01) (-1.453e+01 -4.180e+01 1.027e+00) (0.000e+00 0.000e+00 0.000e+00))
113        	((-3.339e+01 6.157e+00 4.907e+01) (-1.033e+00 -4.232e-01 -2.578e+01) (0.000e+00 0.000e+00 0.000e+00)) ((1.264e+01 4.178e+01 1.037e+01) (-1.453e+01 -4.181e+01 1.038e+00) (0.000e+00 0.000e+00 0.000e+00))
114        	((-3.342e+01 6.172e+00 4.962e+01) (-1.040e+00 -4.290e-01 -2.578e+01) (0.000e+00 0.000e+00 0.000e+00)) ((1.283e+01 4.216e+01 1.036e+01) (-1.453e+01 -4.181e+01 1.050e+00) (0.000e+00 0.000e+00 0.000e+00))
115        	((-3.348e+01 6.198e+00 5.007e+01) (-1.047e+00 -4.348e-01 -2.578e+01) (0.000e+00 0.000e+00 0.000e+00)) ((1.300e+01 4.247e+01 1.038e+01) (-1.453e+01 -4.181e+01 1.062e+00) (0.000e+00 0.000e+00 0.000e+00))
116        	((-3.360e+01 6.212e+00 5.035e+01) (-1.055e+00 -4.403e-01 -2.578e+01) (0.000e+00 0.000e+00 0.000e+00)) ((1.314e+01 4.266e+01 1.047e+01) (-1.453e+01 -4.182e+01 1.074e+00) (0.000e+00 0.000e+00 0.000e+00))
117        	((-3.381e+01 6.172e+00 5.045e+01) (-1.063e+00 -4.453e-01 -2.578e+01) (0.000e+00 0.000e+00 0.000e+00)) ((1.324e+01 4.276e+01 1.067e+01) (-1.453e+01 -4.182e+01 1.086e+00) (0.000e+00 0.000e+00 0.000e+00))
118        	((-3.409e+01 6.094e+00 5.039e+01) (-1.071e+00 -4.501e-01 -2.578e+01) (0.000e+00 0.000e+00 0.000e+00)) ((1.330e+01 4.276e+01 1.094e+01) (-1.453e+01 -4.182e+01 1.097e+00) (0.000e+00 0.000e+00 0.000e+00))
119        	((-3.442e+01 5.977e+00 5.021e+01) (-1.080e+00 -4.543e-01 -2.578e+01) (0.000e+00 0.000e+00 0.000e+00)) ((1.331e+01 4.271e+01 1.130e+01) (-1.453e+01 -4.182e+01 1.108e+00) (0.000e+00 0.000e+00 0.000e+00))
120        	((-3.475e+01 5.845e+00 4.993e+01) (-1.088e+00 -4.576e-01 -2.577e+01) (0.000e+00 0.000e+00 0.000e+00)) ((1.329e+01 4.261e+01 1.166e+01) (-1.453e+01 -4.183e+01 1.118e+00) (0.000e+00 0.000e+00 0.000e+00))
121        	((-3.506e+01 5.685e+00 4.958e+01) (-1.095e+00 -4.603e-01 -2.577e+01) (0.000e+00 0.000e+00 0.000e+00)) ((1.324e+01 4.249e+01 1.205e+01) (-1.453e+01 -4.183e+01 1.126e+00) (0.000e+00 0.000e+00 0.000e+00))
122        	((-3.532e+01 5.512e+00 4.918e+01) (-1.101e+00 -4.624e-01 -2.577e+01) (0.000e+00 0.000e+00 0.000e+00)) ((1.317e+01 4.236e+01 1.242e+01) (-1.453e+01 -4.184e+01 1.134e+00) (0.000e+00 0.000e+00 0.000e+00))
123        	((-3.552e+01 5.343e+00 4.876e+01) (-1.107e+00 -4.641e-01 -2.577e+01) (0.000e+00 0.000e+00 0.000e+00)) ((1.310e+01 4.219e+01 1.277e+01) (-1.453e+01 -4.184e+01 1.141e+00) (0.000e+00 0.000e+00 0.000e+00))
124        	((-3.565e+01 5.197e+00 4.834e+01) (-1.111e+00 -4.655e-01 -2.577e+01) (0.000e+00 0.000e+00 0.000e+00)) ((1.304e+01 4.201e+01 1.307e+01) (-1.453e+01 -4.184e+01 1.147e+00) (0.000e+00 0.000e+00 0.000e+00))
125        	((-3.571e+01 5.086e+00 4.796e+01) (-1.115e+00 -4.670e-01 -2.577e+01) (0.000e+00 0.000e+00 0.000e+00)) ((1.300e+01 4.182e+01 1.332e+01) (-1.453e+01 -4.184e+01 1.153e+00) (0.000e+00 0.000e+00 0.000e+00))
126        	((-3.574e+01 5.005e+00 4.762e+01) (-1.118e+00 -4.691e-01 -2.577e+01) (0.000e+00 0.000e+00 0.000e+00)) ((1.299e+01 4.163e+01 1.350e+01) (-1.454e+01 -4.184e+01 1.160e+00) (0.000e+00 0.000e+00 0.000e+00))
127        	((-3.573e+01 4.948e+00 4.735e+01) (-1.121e+00 -4.717e-01 -2.577e+01) (0.000e+00 0.000e+00 0.000e+00)) ((1.301e+01 4.146e+01 1.363e+01) (-1.454e+01 -4.185e+01 1.167e+00) (0.000e+00 0.000e+00 0.000e+00))
128        	((-3.571e+01 4.911e+00 4.716e+01) (-1.124e+00 -4.750e-01 -2.577e+01) (0.000e+00 0.000e+00 0.000e+00)) ((1.307e+01 4.135e+01 1.372e+01) (-1.454e+01 -4.185e+01 1.175e+00) (0.000e+00 0.000e+00 0.000e+00))
129        	((-3.571e+01 4.904e+00 4.705e+01) (-1.126e+00 -4.785e-01 -2.577e+01) (0.000e+00 0.000e+00 0.000e+00)) ((1.315e+01 4.130e+01 1.377e+01) (-1.454e+01 -4.185e+01 1.183e+00) (0.000e+00 0.000e+00 0.000e+00))
130        	((-3.573e+01 4.937e+00 4.700e+01) (-1.128e+00 -4.822e-01 -2.577e+01) (0.000e+00 0.000e+00 0.000e+00)) ((1.326e+01 4.129e+01 1.378e+01) (-1.454e+01 -4.185e+01 1.191e+00) (0.000e+00 0.000e+00 0.000e+00))
131        	((-3.578e+01 5.006e+00 4.698e+01) (-1.129e+00 -4.861e-01 -2.577e+01) (0.000e+00 0.000e+00 0.000e+00)) ((1.338e+01 4.129e+01 1.376e+01) (-1.454e+01 -4.185e+01 1.199e+00) (0.000e+00 0.000e+00 0.000e+00))
132        	((-3.587e+01 5.105e+00 4.698e+01) (-1.130e+00 -4.902e-01 -2.578e+01) (0.000e+00 0.000e+00 0.000e+00)) ((1.350e+01 4.127e+01 1.372e+01) (-1.455e+01 -4.185e+01 1.206e+00) (0.000e+00 0.000e+00 0.000e+00))
133        	((-3.600e+01 5.225e+00 4.698e+01) (-1.129e+00 -4.944e-01 -2.578e+01) (0.000e+00 0.000e+00 0.000e+00)) ((1.361e+01 4.123e+01 1.366e+01) (-1.455e+01 -4.186e+01 1.214e+00) (0.000e+00 0.000e+00 0.000e+00))
134        	((-3.615e+01 5.358e+00 4.696e+01) (-1.129e+00 -4.987e-01 -2.578e+01) (0.000e+00 0.000e+00 0.000e+00)) ((1.369e+01 4.114e+01 1.358e+01) (-1.455e+01 -4.186e+01 1.222e+00) (0.000e+00 0.000e+00 0.000e+00))
135        	((-3.629e+01 5.503e+00 4.691e+01) (-1.128e+00 -5.031e-01 -2.579e+01) (0.000e+00 0.000e+00 0.000e+00)) ((1.374e+01 4.100e+01 1.347e+01) (-1.455e+01 -4.186e+01 1.230e+00) (0.000e+00 0.000e+00 0.000e+00))
136        	((-3.642e+01 5.662e+00 4.686e+01) (-1.128e+00 -5.074e-01 -2.579e+01) (0.000e+00 0.000e+00 0.000e+00)) ((1.376e+01 4.084e+01 1.332e+01) (-1.456e+01 -4.187e+01 1.238e+00) (0.000e+00 0.000e+00 0.000e+00))
137        	((-3.653e+01 5.828e+00 4.681e+01) (-1.128e+00 -5.118e-01 -2.579e+01) (0.000e+00 0.000e+00 0.000e+00)) ((1.375e+01 4.066e+01 1.314e+01) (-1.456e+01 -4.187e+01 1.247e+00) (0.000e+00 0.000e+00 0.000e+00))
138        	((-3.662e+01 5.979e+00 4.674e+01) (-1.130e+00 -5.161e-01 -2.579e+01) (0.000e+00 0.000e+00 0.000e+00)) ((1.370e+01 4.047e+01 1.296e+01) (-1.456e+01 -4.187e+01 1.257e+00) (0.000e+00 0.000e+00 0.000e+00))
139        	((-3.668e+01 6.105e+00 4.664e+01) (-1.132e+00 -5.206e-01 -2.580e+01) (0.000e+00 0.000e+00 0.000e+00)) ((1.362e+01 4.028e+01 1.280e+01) (-1.456e+01 -4.188e+01 1.267e+00) (0.000e+00 0.000e+00 0.000e+00))
140        	((-3.672e+01 6.192e+00 4.649e+01) (-1.134e+00 -5.248e-01 -2.580e+01) (0.000e+00 0.000e+00 0.000e+00)) ((1.350e+01 4.006e+01 1.267e+01) (-1.456e+01 -4.188e+01 1.278e+00) (0.000e+00 0.000e+00 0.000e+00))
141        	((-3.674e+01 6.245e+00 4.629e+01) (-1.137e+00 -5.289e-01 -2.580e+01) (0.000e+00 0.000e+00 0.000e+00)) ((1.335e+01 3.984e+01 1.256e+01) (-1.456e+01 -4.188e+01 1.288e+00) (0.000e+00 0.000e+00 0.000e+00))
142        	((-3.672e+01 6.249e+00 4.605e+01) (-1.139e+00 -5.323e-01 -2.580e+01) (0.000e+00 0.000e+00 0.000e+00)) ((1.319e+01 3.960e+01 1.248e+01) (-1.457e+01 -4.188e+01 1.297e+00) (0.000e+00 0.000e+00 0.000e+00))
143        	((-3.669e+01 6.210e+00 4.579e+01) (-1.140e+00 -5.348e-01 -2.580e+01) (0.000e+00 0.000e+00 0.000e+00)) ((1.302e+01 3.933e+01 1.241e+01) (-1.457e+01 -4.188e+01 1.304e+00) (0.000e+00 0.000e+00 0.000e+00))
144        	((-3.666e+01 6.139e+00 4.552e+01) (-1.141e+00 -5.360e-01 -2.580e+01) (0.000e+00 0.000e+00 0.000e+00)) ((1.285e+01 3.903e+01 1.236e+01) (-1.457e+01 -4.189e+01 1.308e+00) (0.000e+00 0.000e+00 0.000e+00))
145        	((-3.663e+01 6.060e+00 4.524e+01) (-1.140e+00 -5.359e-01 -2.581e+01) (0.000e+00 0.000e+00 0.000e+00)) ((1.268e+01 3.869e+01 1.229e+01) (-1.457e+01 -4.189e+01 1.310e+00) (0.000e+00 0.000e+00 0.000e+00))
146        	((-3.660e+01 5.991e+00 4.497e+01) (-1.139e+00 -5.345e-01 -2.581e+01) (0.000e+00 0.000e+00 0.000e+00)) ((1.253e+01 3.834e+01 1.219e+01) (-1.457e+01 -4.189e+01 1.309e+00) (0.000e+00 0.000e+00 0.000e+00))
147        	((-3.656e+01 5.948e+00 4.470e+01) (-1.136e+00 -5.319e-01 -2.581e+01) (0.000e+00 0.000e+00 0.000e+00)) ((1.240e+01 3.798e+01 1.205e+01) (-1.457e+01 -4.190e+01 1.306e+00) (0.000e+00 0.000e+00 0.000e+00))
148        	((-3.650e+01 5.949e+00 4.446e+01) (-1.133e+00 -5.281e-01 -2.581e+01) (0.000e+00 0.000e+00 0.000e+00)) ((1.230e+01 3.763e+01 1.184e+01) (-1.457e+01 -4.190e+01 1.300e+00) (0.000e+00 0.000e+00 0.000e+00))
149        	((-3.641e+01 6.003e+00 4.424e+01) (-1.129e+00 -5.234e-01 -2.581e+01) (0.000e+00 0.000e+00 0.000e+00)) ((1.223e+01 3.731e+01 1.158e+01) (-1.457e+01 -4.190e+01 1.293e+00) (0.000e+00 0.000e+00 0.000e+00))
150        	((-3.630e+01 6.106e+00 4.403e+01) (-1.126e+00 -5.178e-01 -2.581e+01) (0.000e+00 0.000e+00 0.000e+00)) ((1.217e+01 3.702e+01 1.127e+01) (-1.457e+01 -4.190e+01 1.284e+00) (0.000e+00 0.000e+00 0.000e+00))
151        	((-3.618e+01 6.249e+00 4.381e+01) (-1.123e+00 -5.114e-01 -2.581e+01) (0.000e+00 0.000e+00 0.000e+00)) ((1.213e+01 3.674e+01 1.091e+01) (-1.457e+01 -4.190e+01 1.275e+00) (0.000e+00 0.000e+00 0.000e+00))
152        	((-3.607e+01 6.424e+00 4.360e+01) (-1.121e+00 -5.043e-01 -2.581e+01) (0.000e+00 0.000e+00 0.000e+00)) ((1.209e+01 3.648e+01 1.051e+01) (-1.457e+01 -4.190e+01 1.265e+00) (0.000e+00 0.000e+00 0.000e+00))
153        	((-3.599e+01 6.622e+00 4.339e+01) (-1.120e+00 -4.970e-01 -2.581e+01) (0.000e+00 0.000e+00 0.000e+00)) ((1.206e+01 3.624e+01 1.011e+01) (-1.457e+01 -4.189e+01 1.255e+00) (0.000e+00 0.000e+00 0.000e+00))
154        	((-3.596e+01 6.836e+00 4.320e+01) (-1.119e+00 -4.895e-01 -2.580e+01) (0.000e+00 0.000e+00 0.000e+00)) ((1.203e+01 3.602e+01 9.694e+00) (-1.457e+01 -4.189e+01 1.245e+00) (0.000e+00 0.000e+00 0.000e+00))
155        	((-3.597e+01 7.080e+00 4.304e+01) (-1.119e+00 -4.817e-01 -2.580e+01) (0.000e+00 0.000e+00 0.000e+00)) ((1.199e+01 3.582e+01 9.260e+00) (-1.456e+01 -4.188e+01 1.234e+00) (0.000e+00 0.000e+00 0.000e+00))
156        	((-3.600e+01 7.361e+00 4.291e+01) (-1.120e+00 -4.738e-01 -2.580e+01) (0.000e+00 0.000e+00 0.000e+00)) ((1.196e+01 3.566e+01 8.799e+00) (-1.456e+01 -4.188e+01 1.223e+00) (0.000e+00 0.000e+00 0.000e+00))
157        	((-3.605e+01 7.685e+00 4.285e+01) (-1.121e+00 -4.656e-01 -2.580e+01) (0.000e+00 0.000e+00 0.000e+00)) ((1.193e+01 3.555e+01 8.306e+00) (-1.456e+01 -4.188e+01 1.212e+00) (0.000e+00 0.000e+00 0.000e+00))
158        	((-3.610e+01 8.045e+00 4.285e+01) (-1.123e+00 -4.572e-01 -2.580e+01) (0.000e+00 0.000e+00 0.000e+00)) ((1.192e+01 3.550e+01 7.786e+00) (-1.456e+01 -4.188e+01 1.199e+00) (0.000e+00 0.000e+00 0.000e+00))
159        	((-3.615e+01 8.441e+00 4.289e+01) (-1.124e+00 -4.486e-01 -2.580e+01) (0.000e+00 0.000e+00 0.000e+00)) ((1.191e+01 3.546e+01 7.245e+00) (-1.456e+01 -4.188e+01 1.186e+00) (0.000e+00 0.000e+00 0.000e+00))
160        	((-3.619e+01 8.862e+00 4.296e+01) (-1.126e+00 -4.400e-01 -2.580e+01) (0.000e+00 0.000e+00 0.000e+00)) ((1.190e+01 3.542e+01 6.693e+00) (-1.456e+01 -4.188e+01 1.173e+00) (0.000e+00 0.000e+00 0.000e+00))
161        	((-3.622e+01 9.289e+00 4.304e+01) (-1.127e+00 -4.314e-01 -2.580e+01) (0.000e+00 0.000e+00 0.000e+00)) ((1.188e+01 3.536e+01 6.147e+00) (-1.456e+01 -4.188e+01 1.159e+00) (0.000e+00 0.000e+00 0.000e+00))
162        	((-3.623e+01 9.711e+00 4.311e+01) (-1.128e+00 -4.231e-01 -2.580e+01) (0.000e+00 0.000e+00 0.000e+00)) ((1.186e+01 3.528e+01 5.618e+00) (-1.456e+01 -4.189e+01 1.145e+00) (0.000e+00 0.000e+00 0.000e+00))
163        	((-3.621e+01 1.011e+01 4.315e+01) (-1.129e+00 -4.154e-01 -2.581e+01) (0.000e+00 0.000e+00 0.000e+00)) ((1.183e+01 3.516e+01 5.121e+00) (-1.456e+01 -4.189e+01 1.131e+00) (0.000e+00 0.000e+00 0.000e+00))
164        	((-3.617e+01 1.047e+01 4.314e+01) (-1.129e+00 -4.082e-01 -2.581e+01) (0.000e+00 0.000e+00 0.000e+00)) ((1.180e+01 3.501e+01 4.663e+00) (-1.456e+01 -4.189e+01 1.118e+00) (0.000e+00 0.000e+00 0.000e+00))
165        	((-3.610e+01 1.079e+01 4.308e+01) (-1.128e+00 -4.019e-01 -2.581e+01) (0.000e+00 0.000e+00 0.000e+00)) ((1.177e+01 3.481e+01 4.241e+00) (-1.456e+01 -4.190e+01 1.107e+00) (0.000e+00 0.000e+00 0.000e+00))
166        	((-3.600e+01 1.108e+01 4.297e+01) (-1.128e+00 -3.966e-01 -2.581e+01) (0.000e+00 0.000e+00 0.000e+00)) ((1.174e+01 3.458e+01 3.845e+00) (-1.456e+01 -4.190e+01 1.096e+00) (0.000e+00 0.000e+00 0.000e+00))
167        	((-3.586e+01 1.135e+01 4.285e+01) (-1.127e+00 -3.921e-01 -2.581e+01) (0.000e+00 0.000e+00 0.000e+00)) ((1.171e+01 3.435e+01 3.464e+00) (-1.456e+01 -4.191e+01 1.087e+00) (0.000e+00 0.000e+00 0.000e+00))
168        	((-3.568e+01 1.159e+01 4.273e+01) (-1.126e+00 -3.882e-01 -2.581e+01) (0.000e+00 0.000e+00 0.000e+00)) ((1.170e+01 3.416e+01 3.089e+00) (-1.456e+01 -4.191e+01 1.080e+00) (0.000e+00 0.000e+00 0.000e+00))
169        	((-3.546e+01 1.181e+01 4.264e+01) (-1.126e+00 -3.851e-01 -2.582e+01) (0.000e+00 0.000e+00 0.000e+00)) ((1.170e+01 3.402e+01 2.719e+00) (-1.456e+01 -4.191e+01 1.074e+00) (0.000e+00 0.000e+00 0.000e+00))
170        	((-3.522e+01 1.201e+01 4.260e+01) (-1.126e+00 -3.826e-01 -2.582e+01) (0.000e+00 0.000e+00 0.000e+00)) ((1.172e+01 3.397e+01 2.359e+00) (-1.456e+01 -4.191e+01 1.069e+00) (0.000e+00 0.000e+00 0.000e+00))
171        	((-3.497e+01 1.220e+01 4.263e+01) (-1.127e+00 -3.808e-01 -2.582e+01) (0.000e+00 0.000e+00 0.000e+00)) ((1.175e+01 3.401e+01 2.017e+00) (-1.456e+01 -4.192e+01 1.066e+00) (0.000e+00 0.000e+00 0.000e+00))
172        	((-3.473e+01 1.238e+01 4.271e+01) (-1.128e+00 -3.798e-01 -2.581e+01) (0.000e+00 0.000e+00 0.000e+00)) ((1.179e+01 3.413e+01 1.693e+00) (-1.456e+01 -4.191e+01 1.064e+00) (0.000e+00 0.000e+00 0.000e+00))
173        	((-3.452e+01 1.257e+01 4.282e+01) (-1.129e+00 -3.798e-01 -2.581e+01) (0.000e+00 0.000e+00 0.000e+00)) ((1.183e+01 3.431e+01 1.394e+00) (-1.456e+01 -4.191e+01 1.064e+00) (0.000e+00 0.000e+00 0.000e+00))
174        	((-3.435e+01 1.276e+01 4.293e+01) (-1.130e+00 -3.807e-01 -2.581e+01) (0.000e+00 0.000e+00 0.000e+00)) ((1.185e+01 3.449e+01 1.126e+00) (-1.455e+01 -4.191e+01 1.066e+00) (0.000e+00 0.000e+00 0.000e+00))
175        	((-3.424e+01 1.295e+01 4.303e+01) (-1.132e+00 -3.826e-01 -2.581e+01) (0.000e+00 0.000e+00 0.000e+00)) ((1.187e+01 3.467e+01 8.925e-01) (-1.455e+01 -4.191e+01 1.069e+00) (0.000e+00 0.000e+00 0.000e+00))
176        	((-3.419e+01 1.313e+01 4.310e+01) (-1.134e+00 -3.853e-01 -2.581e+01) (0.000e+00 0.000e+00 0.000e+00)) ((1.186e+01 3.479e+01 6.988e-01) (-1.455e+01 -4.191e+01 1.074e+00) (0.000e+00 0.000e+00 0.000e+00))
177        	((-3.419e+01 1.331e+01 4.312e+01) (-1.137e+00 -3.889e-01 -2.581e+01) (0.000e+00 0.000e+00 0.000e+00)) ((1.183e+01 3.484e+01 5.490e-01) (-1.455e+01 -4.190e+01 1.080e+00) (0.000e+00 0.000e+00 0.000e+00))
178        	((-3.425e+01 1.347e+01 4.309e+01) (-1.139e+00 -3.935e-01 -2.581e+01) (0.000e+00 0.000e+00 0.000e+00)) ((1.178e+01 3.482e+01 4.410e-01) (-1.455e+01 -4.190e+01 1.087e+00) (0.000e+00 0.000e+00 0.000e+00))
179        	((-3.435e+01 1.361e+01 4.301e+01) (-1.141e+00 -3.991e-01 -2.580e+01) (0.000e+00 0.000e+00 0.000e+00)) ((1.171e+01 3.473e+01 3.726e-01) (-1.455e+01 -4.190e+01 1.096e+00) (0.000e+00 0.000e+00 0.000e+00))
180        	((-3.448e+01 1.374e+01 4.289e+01) (-1.142e+00 -4.055e-01 -2.580e+01) (0.000e+00 0.000e+00 0.000e+00)) ((1.164e+01 3.458e+01 3.363e-01) (-1.455e+01 -4.189e+01 1.107e+00) (0.000e+00 0.000e+00 0.000e+00))
181        	((-3.465e+01 1.386e+01 4.275e+01) (-1.143e+00 -4.128e-01 -2.580e+01) (0.000e+00 0.000e+00 0.000e+00)) ((1.156e+01 3.439e+01 3.261e-01) (-1.455e+01 -4.189e+01 1.118e+00) (0.000e+00 0.000e+00 0.000e+00))
182        	((-3.483e+01 1.397e+01 4.260e+01) (-1.143e+00 -4.207e-01 -2.580e+01) (0.000e+00 0.000e+00 0.000e+00)) ((1.150e+01 3.420e+01 3.393e-01) (-1.454e+01 -4.188e+01 1.131e+00) (0.000e+00 0.000e+00 0.000e+00))
183        	((-3.503e+01 1.405e+01 4.247e+01) (-1.143e+00 -4.294e-01 -2.579e+01) (0.000e+00 0.000e+00 0.000e+00)) ((1.146e+01 3.403e+01 3.709e-01) (-1.454e+01 -4.187e+01 1.145e+00) (0.000e+00 0.000e+00 0.000e+00))
184        	((-3.524e+01 1.411e+01 4.236e+01) (-1.141e+00 -4.388e-01 -2.579e+01) (0.000e+00 0.000e+00 0.000e+00)) ((1.143e+01 3.389e+01 4.193e-01) (-1.454e+01 -4.187e+01 1.159e+00) (0.000e+00 0.000e+00 0.000e+00))
185        	((-3.542e+01 1.415e+01 4.230e+01) (-1.140e+00 -4.490e-01 -2.578e+01) (0.000e+00 0.000e+00 0.000e+00)) ((1.143e+01 3.380e+01 4.822e-01) (-1.454e+01 -4.186e+01 1.175e+00) (0.000e+00 0.000e+00 0.000e+00))
186        	((-3.559e+01 1.414e+01 4.226e+01) (-1.138e+00 -4.596e-01 -2.578e+01) (0.000e+00 0.000e+00 0.000e+00)) ((1.145e+01 3.375e+01 5.575e-01) (-1.454e+01 -4.185e+01 1.191e+00) (0.000e+00 0.000e+00 0.000e+00))
187        	((-3.573e+01 1.410e+01 4.224e+01) (-1.135e+00 -4.705e-01 -2.578e+01) (0.000e+00 0.000e+00 0.000e+00)) ((1.148e+01 3.372e+01 6.458e-01) (-1.454e+01 -4.185e+01 1.207e+00) (0.000e+00 0.000e+00 0.000e+00))
188        	((-3.584e+01 1.402e+01 4.220e+01) (-1.133e+00 -4.815e-01 -2.577e+01) (0.000e+00 0.000e+00 0.000e+00)) ((1.152e+01 3.368e+01 7.489e-01) (-1.454e+01 -4.185e+01 1.223e+00) (0.000e+00 0.000e+00 0.000e+00))
189        	((-3.591e+01 1.389e+01 4.212e+01) (-1.131e+00 -4.924e-01 -2.577e+01) (0.000e+00 0.000e+00 0.000e+00)) ((1.155e+01 3.363e+01 8.604e-01) (-1.454e+01 -4.184e+01 1.239e+00) (0.000e+00 0.000e+00 0.000e+00))
190        	((-3.595e+01 1.374e+01 4.202e+01) (-1.129e+00 -5.029e-01 -2.577e+01) (0.000e+00 0.000e+00 0.000e+00)) ((1.157e+01 3.354e+01 9.748e-01) (-1.453e+01 -4.184e+01 1.254e+00) (0.000e+00 0.000e+00 0.000e+00))
191        	((-3.595e+01 1.359e+01 4.189e+01) (-1.127e+00 -5.128e-01 -2.576e+01) (0.000e+00 0.000e+00 0.000e+00)) ((1.159e+01 3.343e+01 1.084e+00) (-1.453e+01 -4.183e+01 1.269e+00) (0.000e+00 0.000e+00 0.000e+00))
192        	((-3.593e+01 1.343e+01 4.174e+01) (-1.126e+00 -5.219e-01 -2.576e+01) (0.000e+00 0.000e+00 0.000e+00)) ((1.159e+01 3.330e+01 1.175e+00) (-1.453e+01 -4.183e+01 1.282e+00) (0.000e+00 0.000e+00 0.000e+00))
193        	((-3.586e+01 1.330e+01 4.160e+01) (-1.126e+00 -5.301e-01 -2.576e+01) (0.000e+00 0.000e+00 0.000e+00)) ((1.158e+01 3.316e+01 1.236e+00) (-1.453e+01 -4.182e+01 1.295e+00) (0.000e+00 0.000e+00 0.000e+00))
194        	((-3.577e+01 1.319e+01 4.145e+01) (-1.127e+00 -5.373e-01 -2.575e+01) (0.000e+00 0.000e+00 0.000e+00)) ((1.156e+01 3.300e+01 1.246e+00) (-1.453e+01 -4.182e+01 1.306e+00) (0.000e+00 0.000e+00 0.000e+00))
195        	((-3.565e+01 1.314e+01 4.130e+01) (-1.128e+00 -5.437e-01 -2.575e+01) (0.000e+00 0.000e+00 0.000e+00)) ((1.154e+01 3.283e+01 1.198e+00) (-1.453e+01 -4.181e+01 1.317e+00) (0.000e+00 0.000e+00 0.000e+00))
196        	((-3.552e+01 1.313e+01 4.115e+01) (-1.130e+00 -5.490e-01 -2.575e+01) (0.000e+00 0.000e+00 0.000e+00)) ((1.150e+01 3.263e+01 1.091e+00) (-1.453e+01 -4.181e+01 1.326e+00) (0.000e+00 0.000e+00 0.000e+00))
197        	((-3.539e+01 1.318e+01 4.100e+01) (-1.132e+00 -5.533e-01 -2.574e+01) (0.000e+00 0.000e+00 0.000e+00)) ((1.147e+01 3.243e+01 9.221e-01) (-1.452e+01 -4.181e+01 1.334e+00) (0.000e+00 0.000e+00 0.000e+00))
198        	((-3.529e+01 1.327e+01 4.084e+01) (-1.134e+00 -5.566e-01 -2.574e+01) (0.000e+00 0.000e+00 0.000e+00)) ((1.142e+01 3.220e+01 7.143e-01) (-1.452e+01 -4.181e+01 1.341e+00) (0.000e+00 0.000e+00 0.000e+00))
199        	((-3.522e+01 1.340e+01 4.066e+01) (-1.137e+00 -5.592e-01 -2.574e+01) (0.000e+00 0.000e+00 0.000e+00)) ((1.137e+01 3.195e+01 4.799e-01) (-1.453e+01 -4.181e+01 1.347e+00) (0.000e+00 0.000e+00 0.000e+00))
200        	((-3.519e+01 1.355e+01 4.047e+01) (-1.139e+00 -5.612e-01 -2.575e+01) (0.000e+00 0.000e+00 0.000e+00)) ((1.132e+01 3.168e+01 2.352e-01) (-1.453e+01 -4.182e+01 1.351e+00) (0.000e+00 0.000e+00 0.000e+00))
201        	((-3.520e+01 1.371e+01 4.026e+01) (-1.140e+00 -5.626e-01 -2.575e+01) (0.000e+00 0.000e+00 0.000e+00)) ((1.127e+01 3.141e+01 -7.622e-03) (-1.453e+01 -4.182e+01 1.354e+00) (0.000e+00 0.000e+00 0.000e+00))
202        	((-3.525e+01 1.388e+01 4.004e+01) (-1.142e+00 -5.635e-01 -2.575e+01) (0.000e+00 0.000e+00 0.000e+00)) ((1.121e+01 3.114e+01 -2.430e-01) (-1.453e+01 -4.183e+01 1.356e+00) (0.000e+00 0.000e+00 0.000e+00))
203        	((-3.533e+01 1.404e+01 3.982e+01) (-1.143e+00 -5.638e-01 -2.576e+01) (0.000e+00 0.000e+00 0.000e+00)) ((1.115e+01 3.087e+01 -4.736e-01) (-1.454e+01 -4.184e+01 1.357e+00) (0.000e+00 0.000e+00 0.000e+00))
204        	((-3.543e+01 1.421e+01 3.959e+01) (-1.143e+00 -5.633e-01 -2.576e+01) (0.000e+00 0.000e+00 0.000e+00)) ((1.109e+01 3.062e+01 -7.058e-01) (-1.454e+01 -4.185e+01 1.356e+00) (0.000e+00 0.000e+00 0.000e+00))
205        	((-3.553e+01 1.438e+01 3.937e+01) (-1.143e+00 -5.619e-01 -2.577e+01) (0.000e+00 0.000e+00 0.000e+00)) ((1.103e+01 3.038e+01 -9.482e-01) (-1.454e+01 -4.186e+01 1.354e+00) (0.000e+00 0.000e+00 0.000e+00))
206        	((-3.564e+01 1.457e+01 3.918e+01) (-1.143e+00 -5.599e-01 -2.578e+01) (0.000e+00 0.000e+00 0.000e+00)) ((1.098e+01 3.016e+01 -1.207e+00) (-1.455e+01 -4.187e+01 1.350e+00) (0.000e+00 0.000e+00 0.000e+00))
207        	((-3.574e+01 1.477e+01 3.899e+01) (-1.142e+00 -5.568e-01 -2.579e+01) (0.000e+00 0.000e+00 0.000e+00)) ((1.092e+01 2.996e+01 -1.478e+00) (-1.455e+01 -4.188e+01 1.344e+00) (0.000e+00 0.000e+00 0.000e+00))
208        	((-3.584e+01 1.499e+01 3.883e+01) (-1.141e+00 -5.530e-01 -2.579e+01) (0.000e+00 0.000e+00 0.000e+00)) ((1.086e+01 2.979e+01 -1.762e+00) (-1.456e+01 -4.189e+01 1.337e+00) (0.000e+00 0.000e+00 0.000e+00))
209        	((-3.595e+01 1.523e+01 3.868e+01) (-1.140e+00 -5.482e-01 -2.580e+01) (0.000e+00 0.000e+00 0.000e+00)) ((1.079e+01 2.963e+01 -2.054e+00) (-1.456e+01 -4.191e+01 1.328e+00) (0.000e+00 0.000e+00 0.000e+00))
210        	((-3.606e+01 1.548e+01 3.855e+01) (-1.138e+00 -5.425e-01 -2.581e+01) (0.000e+00 0.000e+00 0.000e+00)) ((1.072e+01 2.948e+01 -2.351e+00) (-1.457e+01 -4.192e+01 1.318e+00) (0.000e+00 0.000e+00 0.000e+00))
211        	((-3.618e+01 1.575e+01 3.844e+01) (-1.136e+00 -5.359e-01 -2.581e+01) (0.000e+00 0.000e+00 0.000e+00)) ((1.065e+01 2.934e+01 -2.645e+00) (-1.457e+01 -4.192e+01 1.306e+00) (0.000e+00 0.000e+00 0.000e+00))
212        	((-3.632e+01 1.601e+01 3.833e+01) (-1.133e+00 -5.286e-01 -2.582e+01) (0.000e+00 0.000e+00 0.000e+00)) ((1.059e+01 2.921e+01 -2.929e+00) (-1.457e+01 -4.193e+01 1.293e+00) (0.000e+00 0.000e+00 0.000e+00))
213        	((-3.647e+01 1.626e+01 3.825e+01) (-1.130e+00 -5.207e-01 -2.582e+01) (0.000e+00 0.000e+00 0.000e+00)) ((1.052e+01 2.908e+01 -3.196e+00) (-1.457e+01 -4.194e+01 1.279e+00) (0.000e+00 0.000e+00 0.000e+00))
214        	((-3.663e+01 1.650e+01 3.818e+01) (-1.127e+00 -5.126e-01 -2.582e+01) (0.000e+00 0.000e+00 0.000e+00)) ((1.046e+01 2.896e+01 -3.439e+00) (-1.457e+01 -4.194e+01 1.264e+00) (0.000e+00 0.000e+00 0.000e+00))
215        	((-3.681e+01 1.672e+01 3.812e+01) (-1.123e+00 -5.044e-01 -2.582e+01) (0.000e+00 0.000e+00 0.000e+00)) ((1.041e+01 2.884e+01 -3.663e+00) (-1.457e+01 -4.194e+01 1.250e+00) (0.000e+00 0.000e+00 0.000e+00))
216        	((-3.698e+01 1.692e+01 3.807e+01) (-1.119e+00 -4.963e-01 -2.582e+01) (0.000e+00 0.000e+00 0.000e+00)) ((1.036e+01 2.873e+01 -3.876e+00) (-1.457e+01 -4.194e+01 1.235e+00) (0.000e+00 0.000e+00 0.000e+00))
217        	((-3.712e+01 1.710e+01 3.804e+01) (-1.115e+00 -4.885e-01 -2.581e+01) (0.000e+00 0.000e+00 0.000e+00)) ((1.031e+01 2.861e+01 -4.090e+00) (-1.457e+01 -4.193e+01 1.222e+00) (0.000e+00 0.000e+00 0.000e+00))
218        	((-3.724e+01 1.728e+01 3.801e+01) (-1.112e+00 -4.812e-01 -2.581e+01) (0.000e+00 0.000e+00 0.000e+00)) ((1.028e+01 2.851e+01 -4.316e+00) (-1.457e+01 -4.192e+01 1.209e+00) (0.000e+00 0.000e+00 0.000e+00))
219        	((-3.732e+01 1.746e+01 3.799e+01) (-1.109e+00 -4.745e-01 -2.580e+01) (0.000e+00 0.000e+00 0.000e+00)) ((1.025e+01 2.841e+01 -4.563e+00) (-1.456e+01 -4.192e+01 1.198e+00) (0.000e+00 0.000e+00 0.000e+00))
220        	((-3.737e+01 1.765e+01 3.797e+01) (-1.106e+00 -4.684e-01 -2.579e+01) (0.000e+00 0.000e+00 0.000e+00)) ((1.022e+01 2.832e+01 -4.835e+00) (-1.456e+01 -4.191e+01 1.188e+00) (0.000e+00 0.000e+00 0.000e+00))
221        	((-3.738e+01 1.785e+01 3.792e+01) (-1.105e+00 -4.629e-01 -2.578e+01) (0.000e+00 0.000e+00 0.000e+00)) ((1.019e+01 2.821e+01 -5.131e+00) (-1.455e+01 -4.189e+01 1.179e+00) (0.000e+00 0.000e+00 0.000e+00))
222        	((-3.736e+01 1.805e+01 3.783e+01) (-1.104e+00 -4.581e-01 -2.577e+01) (0.000e+00 0.000e+00 0.000e+00)) ((1.016e+01 2.809e+01 -5.443e+00) (-1.455e+01 -4.188e+01 1.171e+00) (0.000e+00 0.000e+00 0.000e+00))
223        	((-3.731e+01 1.826e+01 3.772e+01) (-1.103e+00 -4.538e-01 -2.576e+01) (0.000e+00 0.000e+00 0.000e+00)) ((1.012e+01 2.796e+01 -5.759e+00) (-1.454e+01 -4.186e+01 1.165e+00) (0.000e+00 0.000e+00 0.000e+00))
224        	((-3.724e+01 1.847e+01 3.758e+01) (-1.104e+00 -4.499e-01 -2.575e+01) (0.000e+00 0.000e+00 0.000e+00)) ((1.009e+01 2.783e+01 -6.074e+00) (-1.454e+01 -4.185e+01 1.159e+00) (0.000e+00 0.000e+00 0.000e+00))
225        	((-3.716e+01 1.867e+01 3.744e+01) (-1.104e+00 -4.464e-01 -2.574e+01) (0.000e+00 0.000e+00 0.000e+00)) ((1.007e+01 2.772e+01 -6.380e+00) (-1.453e+01 -4.183e+01 1.155e+00) (0.000e+00 0.000e+00 0.000e+00))
226        	((-3.706e+01 1.886e+01 3.731e+01) (-1.105e+00 -4.432e-01 -2.573e+01) (0.000e+00 0.000e+00 0.000e+00)) ((1.005e+01 2.764e+01 -6.672e+00) (-1.452e+01 -4.182e+01 1.151e+00) (0.000e+00 0.000e+00 0.000e+00))
227        	((-3.695e+01 1.904e+01 3.721e+01) (-1.106e+00 -4.402e-01 -2.572e+01) (0.000e+00 0.000e+00 0.000e+00)) ((1.006e+01 2.760e+01 -6.945e+00) (-1.452e+01 -4.180e+01 1.147e+00) (0.000e+00 0.000e+00 0.000e+00))
228        	((-3.683e+01 1.920e+01 3.714e+01) (-1.107e+00 -4.374e-01 -2.571e+01) (0.000e+00 0.000e+00 0.000e+00)) ((1.008e+01 2.761e+01 -7.202e+00) (-1.451e+01 -4.178e+01 1.144e+00) (0.000e+00 0.000e+00 0.000e+00))
229        	((-3.672e+01 1.935e+01 3.712e+01) (-1.109e+00 -4.346e-01 -2.570e+01) (0.000e+00 0.000e+00 0.000e+00)) ((1.012e+01 2.768e+01 -7.438e+00) (-1.450e+01 -4.177e+01 1.141e+00) (0.000e+00 0.000e+00 0.000e+00))
230        	((-3.661e+01 1.949e+01 3.715e+01) (-1.110e+00 -4.319e-01 -2.569e+01) (0.000e+00 0.000e+00 0.000e+00)) ((1.018e+01 2.780e+01 -7.654e+00) (-1.450e+01 -4.175e+01 1.138e+00) (0.000e+00 0.000e+00 0.000e+00))
231        	((-3.652e+01 1.960e+01 3.722e+01) (-1.112e+00 -4.289e-01 -2.568e+01) (0.000e+00 0.000e+00 0.000e+00)) ((1.025e+01 2.797e+01 -7.844e+00) (-1.449e+01 -4.174e+01 1.135e+00) (0.000e+00 0.000e+00 0.000e+00))
232        	((-3.646e+01 1.971e+01 3.733e+01) (-1.112e+00 -4.258e-01 -2.567e+01) (0.000e+00 0.000e+00 0.000e+00)) ((1.033e+01 2.817e+01 -8.013e+00) (-1.449e+01 -4.173e+01 1.131e+00) (0.000e+00 0.000e+00 0.000e+00))
233        	((-3.643e+01 1.980e+01 3.746e+01) (-1.113e+00 -4.224e-01 -2.566e+01) (0.000e+00 0.000e+00 0.000e+00)) ((1.042e+01 2.838e+01 -8.159e+00) (-1.448e+01 -4.172e+01 1.127e+00) (0.000e+00 0.000e+00 0.000e+00))
234        	((-3.642e+01 1.987e+01 3.761e+01) (-1.113e+00 -4.188e-01 -2.566e+01) (0.000e+00 0.000e+00 0.000e+00)) ((1.050e+01 2.858e+01 -8.283e+00) (-1.448e+01 -4.171e+01 1.122e+00) (0.000e+00 0.000e+00 0.000e+00))
235        	((-3.645e+01 1.993e+01 3.776e+01) (-1.113e+00 -4.148e-01 -2.566e+01) (0.000e+00 0.000e+00 0.000e+00)) ((1.058e+01 2.877e+01 -8.393e+00) (-1.448e+01 -4.171e+01 1.117e+00) (0.000e+00 0.000e+00 0.000e+00))
236        	((-3.649e+01 1.998e+01 3.790e+01) (-1.112e+00 -4.105e-01 -2.565e+01) (0.000e+00 0.000e+00 0.000e+00)) ((1.064e+01 2.892e+01 -8.500e+00) (-1.448e+01 -4.170e+01 1.111e+00) (0.000e+00 0.000e+00 0.000e+00))
237        	((-3.655e+01 2.003e+01 3.803e+01) (-1.111e+00 -4.060e-01 -2.565e+01) (0.000e+00 0.000e+00 0.000e+00)) ((1.070e+01 2.904e+01 -8.613e+00) (-1.448e+01 -4.170e+01 1.104e+00) (0.000e+00 0.000e+00 0.000e+00))
238        	((-3.661e+01 2.009e+01 3.813e+01) (-1.110e+00 -4.015e-01 -2.566e+01) (0.000e+00 0.000e+00 0.000e+00)) ((1.073e+01 2.911e+01 -8.744e+00) (-1.448e+01 -4.171e+01 1.098e+00) (0.000e+00 0.000e+00 0.000e+00))
239        	((-3.667e+01 2.018e+01 3.821e+01) (-1.109e+00 -3.970e-01 -2.566e+01) (0.000e+00 0.000e+00 0.000e+00)) ((1.075e+01 2.913e+01 -8.895e+00) (-1.448e+01 -4.171e+01 1.091e+00) (0.000e+00 0.000e+00 0.000e+00))
240        	((-3.673e+01 2.029e+01 3.824e+01) (-1.107e+00 -3.926e-01 -2.566e+01) (0.000e+00 0.000e+00 0.000e+00)) ((1.075e+01 2.910e+01 -9.068e+00) (-1.448e+01 -4.172e+01 1.084e+00) (0.000e+00 0.000e+00 0.000e+00))
241        	((-3.680e+01 2.042e+01 3.824e+01) (-1.106e+00 -3.885e-01 -2.567e+01) (0.000e+00 0.000e+00 0.000e+00)) ((1.073e+01 2.902e+01 -9.260e+00) (-1.448e+01 -4.172e+01 1.077e+00) (0.000e+00 0.000e+00 0.000e+00))
242        	((-3.687e+01 2.056e+01 3.821e+01) (-1.105e+00 -3.849e-01 -2.568e+01) (0.000e+00 0.000e+00 0.000e+00)) ((1.070e+01 2.890e+01 -9.460e+00) (-1.449e+01 -4.173e+01 1.071e+00) (0.000e+00 0.000e+00 0.000e+00))
243        	((-3.696e+01 2.073e+01 3.816e+01) (-1.104e+00 -3.818e-01 -2.568e+01) (0.000e+00 0.000e+00 0.000e+00)) ((1.065e+01 2.875e+01 -9.666e+00) (-1.449e+01 -4.174e+01 1.066e+00) (0.000e+00 0.000e+00 0.000e+00))
244        	((-3.705e+01 2.090e+01 3.807e+01) (-1.104e+00 -3.794e-01 -2.569e+01) (0.000e+00 0.000e+00 0.000e+00)) ((1.058e+01 2.858e+01 -9.867e+00) (-1.449e+01 -4.175e+01 1.062e+00) (0.000e+00 0.000e+00 0.000e+00))
245        	((-3.715e+01 2.108e+01 3.799e+01) (-1.104e+00 -3.776e-01 -2.569e+01) (0.000e+00 0.000e+00 0.000e+00)) ((1.051e+01 2.841e+01 -1.005e+01) (-1.449e+01 -4.176e+01 1.059e+00) (0.000e+00 0.000e+00 0.000e+00))
246        	((-3.725e+01 2.123e+01 3.790e+01) (-1.105e+00 -3.765e-01 -2.570e+01) (0.000e+00 0.000e+00 0.000e+00)) ((1.044e+01 2.825e+01 -1.021e+01) (-1.450e+01 -4.177e+01 1.057e+00) (0.000e+00 0.000e+00 0.000e+00))
247        	((-3.734e+01 2.138e+01 3.783e+01) (-1.106e+00 -3.760e-01 -2.570e+01) (0.000e+00 0.000e+00 0.000e+00)) ((1.037e+01 2.812e+01 -1.035e+01) (-1.450e+01 -4.177e+01 1.056e+00) (0.000e+00 0.000e+00 0.000e+00))
248        	((-3.742e+01 2.151e+01 3.779e+01) (-1.108e+00 -3.760e-01 -2.571e+01) (0.000e+00 0.000e+00 0.000e+00)) ((1.032e+01 2.802e+01 -1.047e+01) (-1.450e+01 -4.178e+01 1.057e+00) (0.000e+00 0.000e+00 0.000e+00))
249        	((-3.749e+01 2.161e+01 3.775e+01) (-1.110e+00 -3.765e-01 -2.571e+01) (0.000e+00 0.000e+00 0.000e+00)) ((1.028e+01 2.795e+01 -1.055e+01) (-1.450e+01 -4.179e+01 1.057e+00) (0.000e+00 0.000e+00 0.000e+00))
250        	((-3.756e+01 2.170e+01 3.773e+01) (-1.113e+00 -3.775e-01 -2.571e+01) (0.000e+00 0.000e+00 0.000e+00)) ((1.025e+01 2.791e+01 -1.062e+01) (-1.450e+01 -4.179e+01 1.059e+00) (0.000e+00 0.000e+00 0.000e+00))
251        	((-3.761e+01 2.175e+01 3.773e+01) (-1.116e+00 -3.789e-01 -2.571e+01) (0.000e+00 0.000e+00 0.000e+00)) ((1.023e+01 2.791e+01 -1.065e+01) (-1.450e+01 -4.179e+01 1.062e+00) (0.000e+00 0.000e+00 0.000e+00))
252        	((-3.766e+01 2.180e+01 3.775e+01) (-1.120e+00 -3.804e-01 -2.572e+01) (0.000e+00 0.000e+00 0.000e+00)) ((1.023e+01 2.795e+01 -1.067e+01) (-1.450e+01 -4.180e+01 1.065e+00) (0.000e+00 0.000e+00 0.000e+00))
253        	((-3.770e+01 2.182e+01 3.777e+01) (-1.123e+00 -3.821e-01 -2.572e+01) (0.000e+00 0.000e+00 0.000e+00)) ((1.025e+01 2.802e+01 -1.067e+01) (-1.451e+01 -4.180e+01 1.068e+00) (0.000e+00 0.000e+00 0.000e+00))
254        	((-3.775e+01 2.184e+01 3.780e+01) (-1.127e+00 -3.837e-01 -2.572e+01) (0.000e+00 0.000e+00 0.000e+00)) ((1.027e+01 2.811e+01 -1.066e+01) (-1.451e+01 -4.181e+01 1.071e+00) (0.000e+00 0.000e+00 0.000e+00))
255        	((-3.778e+01 2.186e+01 3.782e+01) (-1.130e+00 -3.850e-01 -2.573e+01) (0.000e+00 0.000e+00 0.000e+00)) ((1.030e+01 2.821e+01 -1.066e+01) (-1.451e+01 -4.181e+01 1.074e+00) (0.000e+00 0.000e+00 0.000e+00))
256        	((-3.782e+01 2.187e+01 3.784e+01) (-1.133e+00 -3.860e-01 -2.573e+01) (0.000e+00 0.000e+00 0.000e+00)) ((1.033e+01 2.832e+01 -1.065e+01) (-1.451e+01 -4.182e+01 1.075e+00) (0.000e+00 0.000e+00 0.000e+00))
257        	((-3.785e+01 2.189e+01 3.784e+01) (-1.136e+00 -3.865e-01 -2.573e+01) (0.000e+00 0.000e+00 0.000e+00)) ((1.036e+01 2.843e+01 -1.067e+01) (-1.451e+01 -4.182e+01 1.076e+00) (0.000e+00 0.000e+00 0.000e+00))
258        	((-3.789e+01 2.190e+01 3.782e+01) (-1.138e+00 -3.866e-01 -2.574e+01) (0.000e+00 0.000e+00 0.000e+00)) ((1.038e+01 2.852e+01 -1.068e+01) (-1.451e+01 -4.183e+01 1.076e+00) (0.000e+00 0.000e+00 0.000e+00))
259        	((-3.791e+01 2.192e+01 3.779e+01) (-1.140e+00 -3.862e-01 -2.574e+01) (0.000e+00 0.000e+00 0.000e+00)) ((1.040e+01 2.859e+01 -1.070e+01) (-1.451e+01 -4.184e+01 1.076e+00) (0.000e+00 0.000e+00 0.000e+00))
260        	((-3.793e+01 2.194e+01 3.774e+01) (-1.141e+00 -3.853e-01 -2.574e+01) (0.000e+00 0.000e+00 0.000e+00)) ((1.042e+01 2.864e+01 -1.074e+01) (-1.452e+01 -4.184e+01 1.074e+00) (0.000e+00 0.000e+00 0.000e+00))
261        	((-3.794e+01 2.197e+01 3.769e+01) (-1.142e+00 -3.842e-01 -2.575e+01) (0.000e+00 0.000e+00 0.000e+00)) ((1.043e+01 2.867e+01 -1.078e+01) (-1.452e+01 -4.185e+01 1.072e+00) (0.000e+00 0.000e+00 0.000e+00))
262        	((-3.795e+01 2.201e+01 3.762e+01) (-1.142e+00 -3.828e-01 -2.575e+01) (0.000e+00 0.000e+00 0.000e+00)) ((1.043e+01 2.869e+01 -1.084e+01) (-1.452e+01 -4.186e+01 1.069e+00) (0.000e+00 0.000e+00 0.000e+00))
263        	((-3.796e+01 2.205e+01 3.754e+01) (-1.141e+00 -3.813e-01 -2.575e+01) (0.000e+00 0.000e+00 0.000e+00)) ((1.043e+01 2.868e+01 -1.090e+01) (-1.452e+01 -4.186e+01 1.066e+00) (0.000e+00 0.000e+00 0.000e+00))
264        	((-3.797e+01 2.209e+01 3.745e+01) (-1.140e+00 -3.797e-01 -2.576e+01) (0.000e+00 0.000e+00 0.000e+00)) ((1.041e+01 2.866e+01 -1.097e+01) (-1.452e+01 -4.187e+01 1.062e+00) (0.000e+00 0.000e+00 0.000e+00))
265        	((-3.799e+01 2.214e+01 3.734e+01) (-1.138e+00 -3.783e-01 -2.576e+01) (0.000e+00 0.000e+00 0.000e+00)) ((1.038e+01 2.862e+01 -1.103e+01) (-1.452e+01 -4.187e+01 1.059e+00) (0.000e+00 0.000e+00 0.000e+00))
266        	((-3.802e+01 2.219e+01 3.723e+01) (-1.136e+00 -3.770e-01 -2.576e+01) (0.000e+00 0.000e+00 0.000e+00)) ((1.035e+01 2.857e+01 -1.110e+01) (-1.452e+01 -4.188e+01 1.055e+00) (0.000e+00 0.000e+00 0.000e+00))
267        	((-3.806e+01 2.224e+01 3.712e+01) (-1.133e+00 -3.758e-01 -2.576e+01) (0.000e+00 0.000e+00 0.000e+00)) ((1.031e+01 2.852e+01 -1.117e+01) (-1.452e+01 -4.188e+01 1.051e+00) (0.000e+00 0.000e+00 0.000e+00))
268        	((-3.812e+01 2.231e+01 3.702e+01) (-1.130e+00 -3.747e-01 -2.576e+01) (0.000e+00 0.000e+00 0.000e+00)) ((1.028e+01 2.847e+01 -1.124e+01) (-1.452e+01 -4.189e+01 1.048e+00) (0.000e+00 0.000e+00 0.000e+00))
269        	((-3.818e+01 2.237e+01 3.693e+01) (-1.127e+00 -3.738e-01 -2.577e+01) (0.000e+00 0.000e+00 0.000e+00)) ((1.024e+01 2.843e+01 -1.132e+01) (-1.453e+01 -4.189e+01 1.044e+00) (0.000e+00 0.000e+00 0.000e+00))
270        	((-3.824e+01 2.244e+01 3.687e+01) (-1.124e+00 -3.729e-01 -2.577e+01) (0.000e+00 0.000e+00 0.000e+00)) ((1.021e+01 2.839e+01 -1.139e+01) (-1.453e+01 -4.189e+01 1.041e+00) (0.000e+00 0.000e+00 0.000e+00))
271        	((-3.830e+01 2.251e+01 3.684e+01) (-1.120e+00 -3.722e-01 -2.577e+01) (0.000e+00 0.000e+00 0.000e+00)) ((1.019e+01 2.837e+01 -1.146e+01) (-1.452e+01 -4.189e+01 1.037e+00) (0.000e+00 0.000e+00 0.000e+00))
272        	((-3.837e+01 2.258e+01 3.684e+01) (-1.116e+00 -3.717e-01 -2.576e+01) (0.000e+00 0.000e+00 0.000e+00)) ((1.018e+01 2.837e+01 -1.153e+01) (-1.452e+01 -4.189e+01 1.034e+00) (0.000e+00 0.000e+00 0.000e+00))
273        	((-3.843e+01 2.263e+01 3.686e+01) (-1.112e+00 -3.713e-01 -2.576e+01) (0.000e+00 0.000e+00 0.000e+00)) ((1.018e+01 2.838e+01 -1.157e+01) (-1.452e+01 -4.188e+01 1.030e+00) (0.000e+00 0.000e+00 0.000e+00))
274        	((-3.851e+01 2.266e+01 3.690e+01) (-1.108e+00 -3.711e-01 -2.576e+01) (0.000e+00 0.000e+00 0.000e+00)) ((1.018e+01 2.840e+01 -1.159e+01) (-1.452e+01 -4.188e+01 1.027e+00) (0.000e+00 0.000e+00 0.000e+00))
275        	((-3.859e+01 2.267e+01 3.698e+01) (-1.104e+00 -3.710e-01 -2.575e+01) (0.000e+00 0.000e+00 0.000e+00)) ((1.019e+01 2.844e+01 -1.159e+01) (-1.452e+01 -4.187e+01 1.024e+00) (0.000e+00 0.000e+00 0.000e+00))
276        	((-3.868e+01 2.266e+01 3.709e+01) (-1.099e+00 -3.710e-01 -2.575e+01) (0.000e+00 0.000e+00 0.000e+00)) ((1.021e+01 2.850e+01 -1.155e+01) (-1.451e+01 -4.186e+01 1.021e+00) (0.000e+00 0.000e+00 0.000e+00))
277        	((-3.878e+01 2.262e+01 3.722e+01) (-1.095e+00 -3.711e-01 -2.574e+01) (0.000e+00 0.000e+00 0.000e+00)) ((1.025e+01 2.860e+01 -1.150e+01) (-1.451e+01 -4.185e+01 1.019e+00) (0.000e+00 0.000e+00 0.000e+00))
278        	((-3.888e+01 2.256e+01 3.738e+01) (-1.091e+00 -3.712e-01 -2.573e+01) (0.000e+00 0.000e+00 0.000e+00)) ((1.030e+01 2.872e+01 -1.142e+01) (-1.451e+01 -4.183e+01 1.017e+00) (0.000e+00 0.000e+00 0.000e+00))
279        	((-3.898e+01 2.248e+01 3.755e+01) (-1.087e+00 -3.714e-01 -2.572e+01) (0.000e+00 0.000e+00 0.000e+00)) ((1.036e+01 2.885e+01 -1.132e+01) (-1.450e+01 -4.182e+01 1.015e+00) (0.000e+00 0.000e+00 0.000e+00))
280        	((-3.908e+01 2.238e+01 3.773e+01) (-1.083e+00 -3.716e-01 -2.571e+01) (0.000e+00 0.000e+00 0.000e+00)) ((1.043e+01 2.901e+01 -1.121e+01) (-1.450e+01 -4.180e+01 1.013e+00) (0.000e+00 0.000e+00 0.000e+00))
281        	((-3.917e+01 2.227e+01 3.790e+01) (-1.080e+00 -3.718e-01 -2.571e+01) (0.000e+00 0.000e+00 0.000e+00)) ((1.052e+01 2.917e+01 -1.110e+01) (-1.449e+01 -4.179e+01 1.012e+00) (0.000e+00 0.000e+00 0.000e+00))
282        	((-3.925e+01 2.217e+01 3.807e+01) (-1.078e+00 -3.720e-01 -2.570e+01) (0.000e+00 0.000e+00 0.000e+00)) ((1.061e+01 2.934e+01 -1.099e+01) (-1.449e+01 -4.177e+01 1.012e+00) (0.000e+00 0.000e+00 0.000e+00))
283        	((-3.932e+01 2.209e+01 3.823e+01) (-1.076e+00 -3.721e-01 -2.569e+01) (0.000e+00 0.000e+00 0.000e+00)) ((1.071e+01 2.952e+01 -1.089e+01) (-1.448e+01 -4.176e+01 1.012e+00) (0.000e+00 0.000e+00 0.000e+00))
284        	((-3.939e+01 2.201e+01 3.838e+01) (-1.076e+00 -3.723e-01 -2.568e+01) (0.000e+00 0.000e+00 0.000e+00)) ((1.081e+01 2.971e+01 -1.081e+01) (-1.448e+01 -4.174e+01 1.013e+00) (0.000e+00 0.000e+00 0.000e+00))
285        	((-3.945e+01 2.196e+01 3.852e+01) (-1.077e+00 -3.724e-01 -2.567e+01) (0.000e+00 0.000e+00 0.000e+00)) ((1.091e+01 2.991e+01 -1.075e+01) (-1.447e+01 -4.173e+01 1.014e+00) (0.000e+00 0.000e+00 0.000e+00))
286        	((-3.948e+01 2.192e+01 3.866e+01) (-1.079e+00 -3.722e-01 -2.566e+01) (0.000e+00 0.000e+00 0.000e+00)) ((1.101e+01 3.012e+01 -1.070e+01) (-1.447e+01 -4.172e+01 1.015e+00) (0.000e+00 0.000e+00 0.000e+00))
287        	((-3.949e+01 2.191e+01 3.880e+01) (-1.083e+00 -3.717e-01 -2.565e+01) (0.000e+00 0.000e+00 0.000e+00)) ((1.112e+01 3.035e+01 -1.069e+01) (-1.446e+01 -4.170e+01 1.016e+00) (0.000e+00 0.000e+00 0.000e+00))
288        	((-3.948e+01 2.192e+01 3.894e+01) (-1.087e+00 -3.707e-01 -2.565e+01) (0.000e+00 0.000e+00 0.000e+00)) ((1.122e+01 3.059e+01 -1.071e+01) (-1.446e+01 -4.169e+01 1.017e+00) (0.000e+00 0.000e+00 0.000e+00))
289        	((-3.945e+01 2.195e+01 3.907e+01) (-1.092e+00 -3.692e-01 -2.564e+01) (0.000e+00 0.000e+00 0.000e+00)) ((1.131e+01 3.084e+01 -1.075e+01) (-1.446e+01 -4.169e+01 1.018e+00) (0.000e+00 0.000e+00 0.000e+00))
290        	((-3.941e+01 2.202e+01 3.920e+01) (-1.097e+00 -3.671e-01 -2.564e+01) (0.000e+00 0.000e+00 0.000e+00)) ((1.140e+01 3.108e+01 -1.083e+01) (-1.446e+01 -4.168e+01 1.017e+00) (0.000e+00 0.000e+00 0.000e+00))
291        	((-3.936e+01 2.211e+01 3.933e+01) (-1.103e+00 -3.643e-01 -2.563e+01) (0.000e+00 0.000e+00 0.000e+00)) ((1.147e+01 3.130e+01 -1.093e+01) (-1.446e+01 -4.167e+01 1.016e+00) (0.000e+00 0.000e+00 0.000e+00))
292        	((-3.932e+01 2.223e+01 3.944e+01) (-1.109e+00 -3.610e-01 -2.563e+01) (0.000e+00 0.000e+00 0.000e+00)) ((1.154e+01 3.149e+01 -1.105e+01) (-1.445e+01 -4.167e+01 1.014e+00) (0.000e+00 0.000e+00 0.000e+00))
293        	((-3.929e+01 2.236e+01 3.953e+01) (-1.116e+00 -3.573e-01 -2.563e+01) (0.000e+00 0.000e+00 0.000e+00)) ((1.159e+01 3.165e+01 -1.118e+01) (-1.445e+01 -4.166e+01 1.011e+00) (0.000e+00 0.000e+00 0.000e+00))
294        	((-3.929e+01 2.249e+01 3.959e+01) (-1.122e+00 -3.533e-01 -2.562e+01) (0.000e+00 0.000e+00 0.000e+00)) ((1.163e+01 3.176e+01 -1.132e+01) (-1.445e+01 -4.166e+01 1.008e+00) (0.000e+00 0.000e+00 0.000e+00))
295        	((-3.930e+01 2.261e+01 3.963e+01) (-1.127e+00 -3.489e-01 -2.562e+01) (0.000e+00 0.000e+00 0.000e+00)) ((1.165e+01 3.184e+01 -1.145e+01) (-1.445e+01 -4.166e+01 1.003e+00) (0.000e+00 0.000e+00 0.000e+00))
296        	((-3.932e+01 2.273e+01 3.965e+01) (-1.132e+00 -3.444e-01 -2.562e+01) (0.000e+00 0.000e+00 0.000e+00)) ((1.167e+01 3.188e+01 -1.157e+01) (-1.445e+01 -4.165e+01 9.987e-01) (0.000e+00 0.000e+00 0.000e+00))
297        	((-3.936e+01 2.282e+01 3.966e+01) (-1.137e+00 -3.398e-01 -2.562e+01) (0.000e+00 0.000e+00 0.000e+00)) ((1.168e+01 3.191e+01 -1.167e+01) (-1.445e+01 -4.165e+01 9.933e-01) (0.000e+00 0.000e+00 0.000e+00))
298        	((-3.940e+01 2.290e+01 3.967e+01) (-1.140e+00 -3.351e-01 -2.562e+01) (0.000e+00 0.000e+00 0.000e+00)) ((1.168e+01 3.191e+01 -1.177e+01) (-1.445e+01 -4.165e+01 9.877e-01) (0.000e+00 0.000e+00 0.000e+00))
299        	((-3.944e+01 2.296e+01 3.968e+01) (-1.143e+00 -3.304e-01 -2.562e+01) (0.000e+00 0.000e+00 0.000e+00)) ((1.168e+01 3.191e+01 -1.185e+01) (-1.444e+01 -4.164e+01 9.818e-01) (0.000e+00 0.000e+00 0.000e+00))
300        	((-3.946e+01 2.301e+01 3.971e+01) (-1.146e+00 -3.256e-01 -2.562e+01) (0.000e+00 0.000e+00 0.000e+00)) ((1.168e+01 3.191e+01 -1.192e+01) (-1.444e+01 -4.164e+01 9.757e-01) (0.000e+00 0.000e+00 0.000e+00))
301        	((-3.946e+01 2.304e+01 3.975e+01) (-1.148e+00 -3.209e-01 -2.561e+01) (0.000e+00 0.000e+00 0.000e+00)) ((1.167e+01 3.192e+01 -1.198e+01) (-1.444e+01 -4.164e+01 9.695e-01) (0.000e+00 0.000e+00 0.000e+00))
302        	((-3.943e+01 2.306e+01 3.981e+01) (-1.149e+00 -3.161e-01 -2.561e+01) (0.000e+00 0.000e+00 0.000e+00)) ((1.167e+01 3.195e+01 -1.204e+01) (-1.444e+01 -4.163e+01 9.634e-01) (0.000e+00 0.000e+00 0.000e+00))
303        	((-3.936e+01 2.307e+01 3.990e+01) (-1.150e+00 -3.114e-01 -2.561e+01) (0.000e+00 0.000e+00 0.000e+00)) ((1.167e+01 3.200e+01 -1.211e+01) (-1.444e+01 -4.163e+01 9.575e-01) (0.000e+00 0.000e+00 0.000e+00))
304        	((-3.928e+01 2.308e+01 4.001e+01) (-1.151e+00 -3.068e-01 -2.561e+01) (0.000e+00 0.000e+00 0.000e+00)) ((1.167e+01 3.208e+01 -1.217e+01) (-1.444e+01 -4.163e+01 9.518e-01) (0.000e+00 0.000e+00 0.000e+00))
305        	((-3.917e+01 2.308e+01 4.015e+01) (-1.152e+00 -3.022e-01 -2.561e+01) (0.000e+00 0.000e+00 0.000e+00)) ((1.168e+01 3.218e+01 -1.224e+01) (-1.444e+01 -4.163e+01 9.463e-01) (0.000e+00 0.000e+00 0.000e+00))
306        	((-3.907e+01 2.309e+01 4.030e+01) (-1.152e+00 -2.976e-01 -2.561e+01) (0.000e+00 0.000e+00 0.000e+00)) ((1.169e+01 3.230e+01 -1.230e+01) (-1.443e+01 -4.162e+01 9.407e-01) (0.000e+00 0.000e+00 0.000e+00))
307        	((-3.898e+01 2.308e+01 4.044e+01) (-1.152e+00 -2.931e-01 -2.560e+01) (0.000e+00 0.000e+00 0.000e+00)) ((1.170e+01 3.241e+01 -1.234e+01) (-1.443e+01 -4.162e+01 9.352e-01) (0.000e+00 0.000e+00 0.000e+00))
308        	((-3.893e+01 2.306e+01 4.057e+01) (-1.152e+00 -2.886e-01 -2.560e+01) (0.000e+00 0.000e+00 0.000e+00)) ((1.173e+01 3.251e+01 -1.234e+01) (-1.443e+01 -4.162e+01 9.297e-01) (0.000e+00 0.000e+00 0.000e+00))
309        	((-3.891e+01 2.303e+01 4.070e+01) (-1.152e+00 -2.842e-01 -2.560e+01) (0.000e+00 0.000e+00 0.000e+00)) ((1.177e+01 3.261e+01 -1.231e+01) (-1.443e+01 -4.161e+01 9.241e-01) (0.000e+00 0.000e+00 0.000e+00))
310        	((-3.891e+01 2.299e+01 4.083e+01) (-1.151e+00 -2.800e-01 -2.560e+01) (0.000e+00 0.000e+00 0.000e+00)) ((1.182e+01 3.271e+01 -1.226e+01) (-1.443e+01 -4.161e+01 9.185e-01) (0.000e+00 0.000e+00 0.000e+00))
311        	((-3.894e+01 2.293e+01 4.097e+01) (-1.151e+00 -2.758e-01 -2.559e+01) (0.000e+00 0.000e+00 0.000e+00)) ((1.188e+01 3.281e+01 -1.218e+01) (-1.443e+01 -4.160e+01 9.129e-01) (0.000e+00 0.000e+00 0.000e+00))
312        	((-3.898e+01 2.287e+01 4.110e+01) (-1.149e+00 -2.719e-01 -2.559e+01) (0.000e+00 0.000e+00 0.000e+00)) ((1.195e+01 3.291e+01 -1.208e+01) (-1.442e+01 -4.159e+01 9.073e-01) (0.000e+00 0.000e+00 0.000e+00))
313        	((-3.902e+01 2.280e+01 4.122e+01) (-1.148e+00 -2.683e-01 -2.559e+01) (0.000e+00 0.000e+00 0.000e+00)) ((1.202e+01 3.301e+01 -1.197e+01) (-1.442e+01 -4.159e+01 9.018e-01) (0.000e+00 0.000e+00 0.000e+00))
314        	((-3.905e+01 2.272e+01 4.135e+01) (-1.147e+00 -2.651e-01 -2.558e+01) (0.000e+00 0.000e+00 0.000e+00)) ((1.210e+01 3.312e+01 -1.185e+01) (-1.442e+01 -4.158e+01 8.964e-01) (0.000e+00 0.000e+00 0.000e+00))
315        	((-3.907e+01 2.263e+01 4.148e+01) (-1.145e+00 -2.623e-01 -2.558e+01) (0.000e+00 0.000e+00 0.000e+00)) ((1.219e+01 3.325e+01 -1.172e+01) (-1.442e+01 -4.158e+01 8.914e-01) (0.000e+00 0.000e+00 0.000e+00))
316        	((-3.905e+01 2.254e+01 4.160e+01) (-1.144e+00 -2.600e-01 -2.558e+01) (0.000e+00 0.000e+00 0.000e+00)) ((1.227e+01 3.338e+01 -1.160e+01) (-1.441e+01 -4.157e+01 8.868e-01) (0.000e+00 0.000e+00 0.000e+00))
317        	((-3.900e+01 2.244e+01 4.172e+01) (-1.142e+00 -2.580e-01 -2.558e+01) (0.000e+00 0.000e+00 0.000e+00)) ((1.234e+01 3.353e+01 -1.150e+01) (-1.441e+01 -4.157e+01 8.827e-01) (0.000e+00 0.000e+00 0.000e+00))
318        	((-3.891e+01 2.235e+01 4.183e+01) (-1.141e+00 -2.565e-01 -2.557e+01) (0.000e+00 0.000e+00 0.000e+00)) ((1.241e+01 3.367e+01 -1.142e+01) (-1.441e+01 -4.156e+01 8.790e-01) (0.000e+00 0.000e+00 0.000e+00))
319        	((-3.878e+01 2.225e+01 4.192e+01) (-1.140e+00 -2.555e-01 -2.557e+01) (0.000e+00 0.000e+00 0.000e+00)) ((1.247e+01 3.382e+01 -1.135e+01) (-1.441e+01 -4.156e+01 8.760e-01) (0.000e+00 0.000e+00 0.000e+00))
320        	((-3.862e+01 2.216e+01 4.200e+01) (-1.139e+00 -2.549e-01 -2.557e+01) (0.000e+00 0.000e+00 0.000e+00)) ((1.252e+01 3.395e+01 -1.131e+01) (-1.441e+01 -4.156e+01 8.735e-01) (0.000e+00 0.000e+00 0.000e+00))
321        	((-3.845e+01 2.206e+01 4.207e+01) (-1.138e+00 -2.547e-01 -2.557e+01) (0.000e+00 0.000e+00 0.000e+00)) ((1.255e+01 3.408e+01 -1.129e+01) (-1.441e+01 -4.155e+01 8.716e-01) (0.000e+00 0.000e+00 0.000e+00))
322        	((-3.825e+01 2.198e+01 4.213e+01) (-1.137e+00 -2.550e-01 -2.557e+01) (0.000e+00 0.000e+00 0.000e+00)) ((1.258e+01 3.419e+01 -1.129e+01) (-1.441e+01 -4.155e+01 8.703e-01) (0.000e+00 0.000e+00 0.000e+00))
323        	((-3.806e+01 2.190e+01 4.217e+01) (-1.137e+00 -2.557e-01 -2.557e+01) (0.000e+00 0.000e+00 0.000e+00)) ((1.260e+01 3.429e+01 -1.132e+01) (-1.441e+01 -4.155e+01 8.695e-01) (0.000e+00 0.000e+00 0.000e+00))
324        	((-3.786e+01 2.185e+01 4.220e+01) (-1.136e+00 -2.568e-01 -2.557e+01) (0.000e+00 0.000e+00 0.000e+00)) ((1.261e+01 3.435e+01 -1.137e+01) (-1.440e+01 -4.155e+01 8.693e-01) (0.000e+00 0.000e+00 0.000e+00))
325        	((-3.768e+01 2.181e+01 4.220e+01) (-1.136e+00 -2.583e-01 -2.557e+01) (0.000e+00 0.000e+00 0.000e+00)) ((1.261e+01 3.439e+01 -1.144e+01) (-1.440e+01 -4.155e+01 8.694e-01) (0.000e+00 0.000e+00 0.000e+00))
326        	((-3.751e+01 2.179e+01 4.219e+01) (-1.135e+00 -2.599e-01 -2.557e+01) (0.000e+00 0.000e+00 0.000e+00)) ((1.260e+01 3.440e+01 -1.153e+01) (-1.440e+01 -4.154e+01 8.698e-01) (0.000e+00 0.000e+00 0.000e+00))
327        	((-3.737e+01 2.180e+01 4.217e+01) (-1.135e+00 -2.615e-01 -2.557e+01) (0.000e+00 0.000e+00 0.000e+00)) ((1.259e+01 3.438e+01 -1.163e+01) (-1.440e+01 -4.154e+01 8.703e-01) (0.000e+00 0.000e+00 0.000e+00))
328        	((-3.727e+01 2.183e+01 4.213e+01) (-1.134e+00 -2.631e-01 -2.557e+01) (0.000e+00 0.000e+00 0.000e+00)) ((1.258e+01 3.433e+01 -1.175e+01) (-1.440e+01 -4.155e+01 8.710e-01) (0.000e+00 0.000e+00 0.000e+00))
329        	((-3.720e+01 2.189e+01 4.207e+01) (-1.133e+00 -2.645e-01 -2.557e+01) (0.000e+00 0.000e+00 0.000e+00)) ((1.255e+01 3.426e+01 -1.189e+01) (-1.440e+01 -4.155e+01 8.716e-01) (0.000e+00 0.000e+00 0.000e+00))
330        	((-3.717e+01 2.198e+01 4.198e+01) (-1.133e+00 -2.660e-01 -2.557e+01) (0.000e+00 0.000e+00 0.000e+00)) ((1.252e+01 3.416e+01 -1.204e+01) (-1.440e+01 -4.155e+01 8.723e-01) (0.000e+00 0.000e+00 0.000e+00))
331        	((-3.719e+01 2.209e+01 4.186e+01) (-1.132e+00 -2.674e-01 -2.557e+01) (0.000e+00 0.000e+00 0.000e+00)) ((1.248e+01 3.402e+01 -1.220e+01) (-1.440e+01 -4.155e+01 8.730e-01) (0.000e+00 0.000e+00 0.000e+00))
332        	((-3.724e+01 2.223e+01 4.171e+01) (-1.131e+00 -2.689e-01 -2.557e+01) (0.000e+00 0.000e+00 0.000e+00)) ((1.242e+01 3.385e+01 -1.237e+01) (-1.441e+01 -4.155e+01 8.737e-01) (0.000e+00 0.000e+00 0.000e+00))
333        	((-3.733e+01 2.238e+01 4.153e+01) (-1.131e+00 -2.704e-01 -2.558e+01) (0.000e+00 0.000e+00 0.000e+00)) ((1.236e+01 3.363e+01 -1.254e+01) (-1.441e+01 -4.156e+01 8.744e-01) (0.000e+00 0.000e+00 0.000e+00))
334        	((-3.743e+01 2.255e+01 4.132e+01) (-1.130e+00 -2.719e-01 -2.558e+01) (0.000e+00 0.000e+00 0.000e+00)) ((1.229e+01 3.341e+01 -1.272e+01) (-1.441e+01 -4.156e+01 8.751e-01) (0.000e+00 0.000e+00 0.000e+00))
335        	((-3.754e+01 2.273e+01 4.112e+01) (-1.129e+00 -2.734e-01 -2.558e+01) (0.000e+00 0.000e+00 0.000e+00)) ((1.222e+01 3.318e+01 -1.290e+01) (-1.441e+01 -4.157e+01 8.758e-01) (0.000e+00 0.000e+00 0.000e+00))
336        	((-3.765e+01 2.292e+01 4.093e+01) (-1.128e+00 -2.750e-01 -2.558e+01) (0.000e+00 0.000e+00 0.000e+00)) ((1.216e+01 3.298e+01 -1.310e+01) (-1.441e+01 -4.157e+01 8.763e-01) (0.000e+00 0.000e+00 0.000e+00))
337        	((-3.776e+01 2.312e+01 4.076e+01) (-1.127e+00 -2.765e-01 -2.559e+01) (0.000e+00 0.000e+00 0.000e+00)) ((1.210e+01 3.281e+01 -1.330e+01) (-1.441e+01 -4.158e+01 8.766e-01) (0.000e+00 0.000e+00 0.000e+00))
338        	((-3.786e+01 2.333e+01 4.063e+01) (-1.126e+00 -2.779e-01 -2.559e+01) (0.000e+00 0.000e+00 0.000e+00)) ((1.206e+01 3.268e+01 -1.353e+01) (-1.441e+01 -4.158e+01 8.767e-01) (0.000e+00 0.000e+00 0.000e+00))
339        	((-3.795e+01 2.354e+01 4.053e+01) (-1.125e+00 -2.791e-01 -2.559e+01) (0.000e+00 0.000e+00 0.000e+00)) ((1.203e+01 3.260e+01 -1.377e+01) (-1.441e+01 -4.159e+01 8.763e-01) (0.000e+00 0.000e+00 0.000e+00))
340        	((-3.802e+01 2.376e+01 4.046e+01) (-1.123e+00 -2.800e-01 -2.560e+01) (0.000e+00 0.000e+00 0.000e+00)) ((1.201e+01 3.256e+01 -1.402e+01) (-1.442e+01 -4.159e+01 8.755e-01) (0.000e+00 0.000e+00 0.000e+00))
341        	((-3.808e+01 2.399e+01 4.042e+01) (-1.121e+00 -2.806e-01 -2.560e+01) (0.000e+00 0.000e+00 0.000e+00)) ((1.200e+01 3.256e+01 -1.430e+01) (-1.442e+01 -4.160e+01 8.741e-01) (0.000e+00 0.000e+00 0.000e+00))
342        	((-3.812e+01 2.421e+01 4.041e+01) (-1.119e+00 -2.806e-01 -2.560e+01) (0.000e+00 0.000e+00 0.000e+00)) ((1.200e+01 3.260e+01 -1.459e+01) (-1.442e+01 -4.160e+01 8.720e-01) (0.000e+00 0.000e+00 0.000e+00))
343        	((-3.816e+01 2.444e+01 4.042e+01) (-1.116e+00 -2.803e-01 -2.560e+01) (0.000e+00 0.000e+00 0.000e+00)) ((1.201e+01 3.267e+01 -1.490e+01) (-1.442e+01 -4.161e+01 8.692e-01) (0.000e+00 0.000e+00 0.000e+00))
344        	((-3.819e+01 2.467e+01 4.045e+01) (-1.114e+00 -2.795e-01 -2.561e+01) (0.000e+00 0.000e+00 0.000e+00)) ((1.202e+01 3.276e+01 -1.522e+01) (-1.442e+01 -4.161e+01 8.658e-01) (0.000e+00 0.000e+00 0.000e+00))
345        	((-3.821e+01 2.490e+01 4.050e+01) (-1.112e+00 -2.782e-01 -2.561e+01) (0.000e+00 0.000e+00 0.000e+00)) ((1.204e+01 3.287e+01 -1.555e+01) (-1.442e+01 -4.162e+01 8.617e-01) (0.000e+00 0.000e+00 0.000e+00))
346        	((-3.823e+01 2.512e+01 4.057e+01) (-1.109e+00 -2.765e-01 -2.561e+01) (0.000e+00 0.000e+00 0.000e+00)) ((1.207e+01 3.297e+01 -1.588e+01) (-1.443e+01 -4.162e+01 8.571e-01) (0.000e+00 0.000e+00 0.000e+00))
347        	((-3.825e+01 2.533e+01 4.063e+01) (-1.107e+00 -2.745e-01 -2.561e+01) (0.000e+00 0.000e+00 0.000e+00)) ((1.208e+01 3.307e+01 -1.620e+01) (-1.443e+01 -4.162e+01 8.521e-01) (0.000e+00 0.000e+00 0.000e+00))
348        	((-3.828e+01 2.552e+01 4.070e+01) (-1.105e+00 -2.721e-01 -2.561e+01) (0.000e+00 0.000e+00 0.000e+00)) ((1.210e+01 3.315e+01 -1.649e+01) (-1.443e+01 -4.162e+01 8.467e-01) (0.000e+00 0.000e+00 0.000e+00))
349        	((-3.832e+01 2.568e+01 4.076e+01) (-1.104e+00 -2.695e-01 -2.561e+01) (0.000e+00 0.000e+00 0.000e+00)) ((1.210e+01 3.320e+01 -1.676e+01) (-1.443e+01 -4.162e+01 8.411e-01) (0.000e+00 0.000e+00 0.000e+00))
350        	((-3.837e+01 2.581e+01 4.080e+01) (-1.104e+00 -2.666e-01 -2.562e+01) (0.000e+00 0.000e+00 0.000e+00)) ((1.210e+01 3.321e+01 -1.698e+01) (-1.443e+01 -4.163e+01 8.355e-01) (0.000e+00 0.000e+00 0.000e+00))
351        	((-3.844e+01 2.590e+01 4.082e+01) (-1.103e+00 -2.635e-01 -2.562e+01) (0.000e+00 0.000e+00 0.000e+00)) ((1.208e+01 3.318e+01 -1.716e+01) (-1.443e+01 -4.163e+01 8.299e-01) (0.000e+00 0.000e+00 0.000e+00))
352        	((-3.851e+01 2.597e+01 4.082e+01) (-1.104e+00 -2.603e-01 -2.562e+01) (0.000e+00 0.000e+00 0.000e+00)) ((1.206e+01 3.310e+01 -1.729e+01) (-1.444e+01 -4.163e+01 8.244e-01) (0.000e+00 0.000e+00 0.000e+00))
353        	((-3.860e+01 2.601e+01 4.080e+01) (-1.105e+00 -2.570e-01 -2.562e+01) (0.000e+00 0.000e+00 0.000e+00)) ((1.202e+01 3.299e+01 -1.737e+01) (-1.444e+01 -4.164e+01 8.191e-01) (0.000e+00 0.000e+00 0.000e+00))
354        	((-3.868e+01 2.603e+01 4.075e+01) (-1.106e+00 -2.538e-01 -2.562e+01) (0.000e+00 0.000e+00 0.000e+00)) ((1.197e+01 3.283e+01 -1.741e+01) (-1.444e+01 -4.164e+01 8.141e-01) (0.000e+00 0.000e+00 0.000e+00))
355        	((-3.876e+01 2.603e+01 4.067e+01) (-1.107e+00 -2.507e-01 -2.563e+01) (0.000e+00 0.000e+00 0.000e+00)) ((1.191e+01 3.265e+01 -1.741e+01) (-1.444e+01 -4.165e+01 8.097e-01) (0.000e+00 0.000e+00 0.000e+00))
356        	((-3.883e+01 2.602e+01 4.058e+01) (-1.109e+00 -2.480e-01 -2.563e+01) (0.000e+00 0.000e+00 0.000e+00)) ((1.184e+01 3.244e+01 -1.737e+01) (-1.444e+01 -4.166e+01 8.061e-01) (0.000e+00 0.000e+00 0.000e+00))
357        	((-3.889e+01 2.600e+01 4.048e+01) (-1.112e+00 -2.452e-01 -2.564e+01) (0.000e+00 0.000e+00 0.000e+00)) ((1.177e+01 3.222e+01 -1.731e+01) (-1.445e+01 -4.166e+01 8.029e-01) (0.000e+00 0.000e+00 0.000e+00))
358        	((-3.895e+01 2.597e+01 4.038e+01) (-1.115e+00 -2.426e-01 -2.564e+01) (0.000e+00 0.000e+00 0.000e+00)) ((1.170e+01 3.200e+01 -1.721e+01) (-1.445e+01 -4.167e+01 8.000e-01) (0.000e+00 0.000e+00 0.000e+00))
359        	((-3.901e+01 2.592e+01 4.027e+01) (-1.118e+00 -2.402e-01 -2.565e+01) (0.000e+00 0.000e+00 0.000e+00)) ((1.163e+01 3.178e+01 -1.708e+01) (-1.445e+01 -4.168e+01 7.977e-01) (0.000e+00 0.000e+00 0.000e+00))
360        	((-3.907e+01 2.586e+01 4.018e+01) (-1.121e+00 -2.379e-01 -2.565e+01) (0.000e+00 0.000e+00 0.000e+00)) ((1.155e+01 3.159e+01 -1.692e+01) (-1.446e+01 -4.169e+01 7.957e-01) (0.000e+00 0.000e+00 0.000e+00))
