# Forces   
# CofR     : (0.000e+00 0.000e+00 0.000e+00)
# Time     forces(pressure viscous porous)	moments(pressure viscous porous)
1          	((-1.667e+02 -2.433e+01 -1.729e+01) (-1.022e-01 -1.328e-02 -6.711e-02) (0.000e+00 0.000e+00 0.000e+00)) ((4.410e+00 -5.768e+01 -6.172e+01) (-4.808e-03 -6.228e-02 2.864e-02) (0.000e+00 0.000e+00 0.000e+00))
2          	((-6.613e+01 8.253e-01 5.634e+00) (-8.858e-02 -6.036e-03 -3.838e-02) (0.000e+00 0.000e+00 0.000e+00)) ((1.666e+00 -1.985e+01 -2.176e+01) (-2.670e-03 -3.989e-02 2.742e-02) (0.000e+00 0.000e+00 0.000e+00))
3          	((-3.927e+01 9.964e+00 8.188e+00) (-8.755e-02 -2.146e-03 -2.883e-02) (0.000e+00 0.000e+00 0.000e+00)) ((6.351e-01 -9.552e+00 -1.002e+01) (-2.236e-03 -3.320e-02 2.671e-02) (0.000e+00 0.000e+00 0.000e+00))
4          	((-1.983e+01 1.719e+01 7.744e+00) (-8.692e-02 1.327e-04 -2.219e-02) (0.000e+00 0.000e+00 0.000e+00)) ((-2.142e-01 -3.033e+00 -4.641e+00) (-1.967e-03 -2.868e-02 2.597e-02) (0.000e+00 0.000e+00 0.000e+00))
5          	((-1.254e+01 1.884e+01 5.918e+00) (-8.633e-02 1.815e-03 -1.650e-02) (0.000e+00 0.000e+00 0.000e+00)) ((-4.802e-01 -1.212e+00 -3.939e+00) (-1.770e-03 -2.497e-02 2.534e-02) (0.000e+00 0.000e+00 0.000e+00))
6          	((-1.077e+01 2.046e+01 3.159e+00) (-8.691e-02 2.527e-03 -1.245e-02) (0.000e+00 0.000e+00 0.000e+00)) ((-7.369e-01 -1.281e+00 -4.406e+00) (-1.387e-03 -2.228e-02 2.477e-02) (0.000e+00 0.000e+00 0.000e+00))
7          	((-1.205e+01 2.208e+01 3.150e-01) (-8.810e-02 3.038e-03 -9.035e-03) (0.000e+00 0.000e+00 0.000e+00)) ((-9.387e-01 -2.134e+00 -5.568e+00) (-1.000e-03 -2.002e-02 2.429e-02) (0.000e+00 0.000e+00 0.000e+00))
8          	((-1.223e+01 2.202e+01 -4.950e-01) (-8.891e-02 3.355e-03 -6.395e-03) (0.000e+00 0.000e+00 0.000e+00)) ((-9.276e-01 -2.269e+00 -5.973e+00) (-5.836e-04 -1.816e-02 2.379e-02) (0.000e+00 0.000e+00 0.000e+00))
9          	((-1.302e+01 2.256e+01 -1.434e+00) (-8.846e-02 3.541e-03 -4.591e-03) (0.000e+00 0.000e+00 0.000e+00)) ((-9.755e-01 -2.536e+00 -6.521e+00) (-2.108e-04 -1.622e-02 2.320e-02) (0.000e+00 0.000e+00 0.000e+00))
10         	((-1.307e+01 2.260e+01 -1.720e+00) (-8.761e-02 3.699e-03 -3.102e-03) (0.000e+00 0.000e+00 0.000e+00)) ((-1.002e+00 -2.557e+00 -6.656e+00) (1.084e-04 -1.447e-02 2.270e-02) (0.000e+00 0.000e+00 0.000e+00))
11         	((-1.293e+01 2.285e+01 -2.088e+00) (-8.741e-02 3.813e-03 -1.638e-03) (0.000e+00 0.000e+00 0.000e+00)) ((-1.066e+00 -2.560e+00 -6.828e+00) (4.054e-04 -1.309e-02 2.244e-02) (0.000e+00 0.000e+00 0.000e+00))
12         	((-1.271e+01 2.315e+01 -2.496e+00) (-8.741e-02 4.042e-03 -4.347e-04) (0.000e+00 0.000e+00 0.000e+00)) ((-1.153e+00 -2.555e+00 -6.939e+00) (6.126e-04 -1.197e-02 2.223e-02) (0.000e+00 0.000e+00 0.000e+00))
13         	((-1.237e+01 2.331e+01 -2.823e+00) (-8.764e-02 4.227e-03 6.327e-04) (0.000e+00 0.000e+00 0.000e+00)) ((-1.240e+00 -2.543e+00 -6.969e+00) (7.691e-04 -1.108e-02 2.212e-02) (0.000e+00 0.000e+00 0.000e+00))
14         	((-1.197e+01 2.328e+01 -3.076e+00) (-8.789e-02 4.275e-03 1.543e-03) (0.000e+00 0.000e+00 0.000e+00)) ((-1.322e+00 -2.543e+00 -6.918e+00) (9.150e-04 -1.033e-02 2.213e-02) (0.000e+00 0.000e+00 0.000e+00))
15         	((-1.171e+01 2.316e+01 -3.377e+00) (-8.809e-02 4.420e-03 2.204e-03) (0.000e+00 0.000e+00 0.000e+00)) ((-1.411e+00 -2.623e+00 -6.812e+00) (1.001e-03 -9.772e-03 2.202e-02) (0.000e+00 0.000e+00 0.000e+00))
16         	((-1.151e+01 2.301e+01 -3.718e+00) (-8.821e-02 4.450e-03 2.713e-03) (0.000e+00 0.000e+00 0.000e+00)) ((-1.506e+00 -2.734e+00 -6.699e+00) (1.084e-03 -9.316e-03 2.203e-02) (0.000e+00 0.000e+00 0.000e+00))
17         	((-1.151e+01 2.282e+01 -4.036e+00) (-8.846e-02 4.559e-03 3.073e-03) (0.000e+00 0.000e+00 0.000e+00)) ((-1.593e+00 -2.896e+00 -6.608e+00) (1.118e-03 -9.026e-03 2.199e-02) (0.000e+00 0.000e+00 0.000e+00))
18         	((-1.165e+01 2.268e+01 -4.350e+00) (-8.864e-02 4.568e-03 3.322e-03) (0.000e+00 0.000e+00 0.000e+00)) ((-1.671e+00 -3.081e+00 -6.579e+00) (1.168e-03 -8.818e-03 2.198e-02) (0.000e+00 0.000e+00 0.000e+00))
19         	((-1.185e+01 2.261e+01 -4.647e+00) (-8.866e-02 4.559e-03 3.556e-03) (0.000e+00 0.000e+00 0.000e+00)) ((-1.738e+00 -3.254e+00 -6.616e+00) (1.195e-03 -8.666e-03 2.197e-02) (0.000e+00 0.000e+00 0.000e+00))
20         	((-1.199e+01 2.254e+01 -4.872e+00) (-8.853e-02 4.550e-03 3.873e-03) (0.000e+00 0.000e+00 0.000e+00)) ((-1.786e+00 -3.375e+00 -6.658e+00) (1.244e-03 -8.420e-03 2.193e-02) (0.000e+00 0.000e+00 0.000e+00))
21         	((-1.222e+01 2.270e+01 -5.245e+00) (-8.826e-02 4.527e-03 4.225e-03) (0.000e+00 0.000e+00 0.000e+00)) ((-1.866e+00 -3.527e+00 -6.818e+00) (1.311e-03 -8.160e-03 2.187e-02) (0.000e+00 0.000e+00 0.000e+00))
22         	((-1.230e+01 2.269e+01 -5.385e+00) (-8.806e-02 4.502e-03 4.555e-03) (0.000e+00 0.000e+00 0.000e+00)) ((-1.912e+00 -3.601e+00 -6.860e+00) (1.403e-03 -7.916e-03 2.181e-02) (0.000e+00 0.000e+00 0.000e+00))
23         	((-1.226e+01 2.282e+01 -5.553e+00) (-8.775e-02 4.548e-03 4.830e-03) (0.000e+00 0.000e+00 0.000e+00)) ((-1.977e+00 -3.631e+00 -6.968e+00) (1.503e-03 -7.672e-03 2.170e-02) (0.000e+00 0.000e+00 0.000e+00))
24         	((-1.216e+01 2.282e+01 -5.538e+00) (-8.745e-02 4.680e-03 5.053e-03) (0.000e+00 0.000e+00 0.000e+00)) ((-2.010e+00 -3.616e+00 -6.990e+00) (1.594e-03 -7.472e-03 2.157e-02) (0.000e+00 0.000e+00 0.000e+00))
25         	((-1.189e+01 2.270e+01 -5.359e+00) (-8.708e-02 4.817e-03 5.188e-03) (0.000e+00 0.000e+00 0.000e+00)) ((-2.028e+00 -3.530e+00 -7.040e+00) (1.692e-03 -7.293e-03 2.144e-02) (0.000e+00 0.000e+00 0.000e+00))
26         	((-1.176e+01 2.257e+01 -5.178e+00) (-8.662e-02 4.926e-03 5.319e-03) (0.000e+00 0.000e+00 0.000e+00)) ((-2.028e+00 -3.479e+00 -7.071e+00) (1.789e-03 -7.105e-03 2.131e-02) (0.000e+00 0.000e+00 0.000e+00))
27         	((-1.155e+01 2.215e+01 -4.753e+00) (-8.612e-02 5.032e-03 5.452e-03) (0.000e+00 0.000e+00 0.000e+00)) ((-1.992e+00 -3.389e+00 -7.169e+00) (1.893e-03 -6.900e-03 2.121e-02) (0.000e+00 0.000e+00 0.000e+00))
28         	((-1.142e+01 2.196e+01 -4.524e+00) (-8.561e-02 5.093e-03 5.626e-03) (0.000e+00 0.000e+00 0.000e+00)) ((-1.970e+00 -3.320e+00 -7.247e+00) (2.002e-03 -6.658e-03 2.114e-02) (0.000e+00 0.000e+00 0.000e+00))
29         	((-1.126e+01 2.148e+01 -4.064e+00) (-8.513e-02 5.147e-03 5.760e-03) (0.000e+00 0.000e+00 0.000e+00)) ((-1.908e+00 -3.223e+00 -7.413e+00) (2.104e-03 -6.456e-03 2.110e-02) (0.000e+00 0.000e+00 0.000e+00))
30         	((-1.109e+01 2.129e+01 -3.859e+00) (-8.461e-02 5.060e-03 5.877e-03) (0.000e+00 0.000e+00 0.000e+00)) ((-1.876e+00 -3.121e+00 -7.481e+00) (2.237e-03 -6.262e-03 2.114e-02) (0.000e+00 0.000e+00 0.000e+00))
31         	((-1.092e+01 2.097e+01 -3.517e+00) (-8.414e-02 4.992e-03 6.000e-03) (0.000e+00 0.000e+00 0.000e+00)) ((-1.826e+00 -3.007e+00 -7.608e+00) (2.368e-03 -6.078e-03 2.118e-02) (0.000e+00 0.000e+00 0.000e+00))
32         	((-1.076e+01 2.079e+01 -3.402e+00) (-8.378e-02 4.907e-03 6.214e-03) (0.000e+00 0.000e+00 0.000e+00)) ((-1.797e+00 -2.912e+00 -7.601e+00) (2.501e-03 -5.917e-03 2.127e-02) (0.000e+00 0.000e+00 0.000e+00))
33         	((-1.059e+01 2.050e+01 -3.202e+00) (-8.351e-02 4.809e-03 6.378e-03) (0.000e+00 0.000e+00 0.000e+00)) ((-1.757e+00 -2.817e+00 -7.616e+00) (2.653e-03 -5.735e-03 2.139e-02) (0.000e+00 0.000e+00 0.000e+00))
34         	((-1.047e+01 2.029e+01 -3.158e+00) (-8.337e-02 4.804e-03 6.665e-03) (0.000e+00 0.000e+00 0.000e+00)) ((-1.734e+00 -2.773e+00 -7.531e+00) (2.813e-03 -5.528e-03 2.150e-02) (0.000e+00 0.000e+00 0.000e+00))
35         	((-1.034e+01 1.998e+01 -3.014e+00) (-8.330e-02 4.927e-03 6.971e-03) (0.000e+00 0.000e+00 0.000e+00)) ((-1.702e+00 -2.742e+00 -7.471e+00) (2.973e-03 -5.281e-03 2.152e-02) (0.000e+00 0.000e+00 0.000e+00))
36         	((-1.028e+01 1.972e+01 -2.970e+00) (-8.326e-02 5.132e-03 7.268e-03) (0.000e+00 0.000e+00 0.000e+00)) ((-1.681e+00 -2.757e+00 -7.368e+00) (3.136e-03 -5.063e-03 2.148e-02) (0.000e+00 0.000e+00 0.000e+00))
37         	((-1.023e+01 1.929e+01 -2.726e+00) (-8.331e-02 5.470e-03 7.571e-03) (0.000e+00 0.000e+00 0.000e+00)) ((-1.643e+00 -2.792e+00 -7.306e+00) (3.297e-03 -4.880e-03 2.138e-02) (0.000e+00 0.000e+00 0.000e+00))
38         	((-1.021e+01 1.898e+01 -2.598e+00) (-8.348e-02 5.897e-03 7.824e-03) (0.000e+00 0.000e+00 0.000e+00)) ((-1.619e+00 -2.837e+00 -7.225e+00) (3.448e-03 -4.782e-03 2.124e-02) (0.000e+00 0.000e+00 0.000e+00))
39         	((-1.024e+01 1.853e+01 -2.204e+00) (-8.374e-02 6.327e-03 8.033e-03) (0.000e+00 0.000e+00 0.000e+00)) ((-1.574e+00 -2.895e+00 -7.195e+00) (3.589e-03 -4.735e-03 2.110e-02) (0.000e+00 0.000e+00 0.000e+00))
40         	((-1.026e+01 1.825e+01 -2.028e+00) (-8.402e-02 6.801e-03 8.217e-03) (0.000e+00 0.000e+00 0.000e+00)) ((-1.545e+00 -2.943e+00 -7.113e+00) (3.716e-03 -4.745e-03 2.091e-02) (0.000e+00 0.000e+00 0.000e+00))
41         	((-1.032e+01 1.793e+01 -1.616e+00) (-8.432e-02 7.348e-03 8.327e-03) (0.000e+00 0.000e+00 0.000e+00)) ((-1.507e+00 -2.993e+00 -7.069e+00) (3.821e-03 -4.862e-03 2.062e-02) (0.000e+00 0.000e+00 0.000e+00))
42         	((-1.036e+01 1.772e+01 -1.470e+00) (-8.470e-02 7.924e-03 8.386e-03) (0.000e+00 0.000e+00 0.000e+00)) ((-1.478e+00 -3.025e+00 -6.968e+00) (3.921e-03 -5.051e-03 2.030e-02) (0.000e+00 0.000e+00 0.000e+00))
43         	((-1.041e+01 1.752e+01 -1.251e+00) (-8.510e-02 8.522e-03 8.489e-03) (0.000e+00 0.000e+00 0.000e+00)) ((-1.450e+00 -3.049e+00 -6.874e+00) (4.035e-03 -5.199e-03 1.991e-02) (0.000e+00 0.000e+00 0.000e+00))
44         	((-1.051e+01 1.735e+01 -1.065e+00) (-8.542e-02 9.109e-03 8.710e-03) (0.000e+00 0.000e+00 0.000e+00)) ((-1.426e+00 -3.074e+00 -6.783e+00) (4.157e-03 -5.265e-03 1.950e-02) (0.000e+00 0.000e+00 0.000e+00))
45         	((-1.067e+01 1.717e+01 -9.246e-01) (-8.574e-02 9.640e-03 8.930e-03) (0.000e+00 0.000e+00 0.000e+00)) ((-1.404e+00 -3.109e+00 -6.692e+00) (4.268e-03 -5.328e-03 1.913e-02) (0.000e+00 0.000e+00 0.000e+00))
46         	((-1.092e+01 1.698e+01 -8.319e-01) (-8.622e-02 1.011e-02 9.113e-03) (0.000e+00 0.000e+00 0.000e+00)) ((-1.383e+00 -3.152e+00 -6.607e+00) (4.350e-03 -5.482e-03 1.886e-02) (0.000e+00 0.000e+00 0.000e+00))
47         	((-1.123e+01 1.682e+01 -7.865e-01) (-8.668e-02 1.051e-02 9.266e-03) (0.000e+00 0.000e+00 0.000e+00)) ((-1.369e+00 -3.200e+00 -6.535e+00) (4.401e-03 -5.610e-03 1.867e-02) (0.000e+00 0.000e+00 0.000e+00))
48         	((-1.155e+01 1.669e+01 -7.799e-01) (-8.721e-02 1.090e-02 9.333e-03) (0.000e+00 0.000e+00 0.000e+00)) ((-1.361e+00 -3.240e+00 -6.474e+00) (4.395e-03 -5.779e-03 1.855e-02) (0.000e+00 0.000e+00 0.000e+00))
49         	((-1.181e+01 1.662e+01 -8.057e-01) (-8.779e-02 1.121e-02 9.309e-03) (0.000e+00 0.000e+00 0.000e+00)) ((-1.362e+00 -3.263e+00 -6.418e+00) (4.348e-03 -6.009e-03 1.851e-02) (0.000e+00 0.000e+00 0.000e+00))
50         	((-1.199e+01 1.659e+01 -8.361e-01) (-8.843e-02 1.148e-02 9.246e-03) (0.000e+00 0.000e+00 0.000e+00)) ((-1.368e+00 -3.260e+00 -6.367e+00) (4.273e-03 -6.245e-03 1.852e-02) (0.000e+00 0.000e+00 0.000e+00))
51         	((-1.208e+01 1.658e+01 -8.448e-01) (-8.911e-02 1.181e-02 9.202e-03) (0.000e+00 0.000e+00 0.000e+00)) ((-1.373e+00 -3.228e+00 -6.332e+00) (4.179e-03 -6.471e-03 1.847e-02) (0.000e+00 0.000e+00 0.000e+00))
52         	((-1.207e+01 1.657e+01 -8.349e-01) (-8.996e-02 1.222e-02 9.215e-03) (0.000e+00 0.000e+00 0.000e+00)) ((-1.376e+00 -3.176e+00 -6.313e+00) (4.059e-03 -6.633e-03 1.840e-02) (0.000e+00 0.000e+00 0.000e+00))
53         	((-1.199e+01 1.654e+01 -8.166e-01) (-9.083e-02 1.266e-02 9.194e-03) (0.000e+00 0.000e+00 0.000e+00)) ((-1.371e+00 -3.115e+00 -6.304e+00) (3.923e-03 -6.827e-03 1.829e-02) (0.000e+00 0.000e+00 0.000e+00))
54         	((-1.187e+01 1.646e+01 -7.943e-01) (-9.178e-02 1.307e-02 9.006e-03) (0.000e+00 0.000e+00 0.000e+00)) ((-1.361e+00 -3.055e+00 -6.291e+00) (3.747e-03 -7.170e-03 1.822e-02) (0.000e+00 0.000e+00 0.000e+00))
55         	((-1.173e+01 1.632e+01 -7.614e-01) (-9.284e-02 1.326e-02 8.759e-03) (0.000e+00 0.000e+00 0.000e+00)) ((-1.348e+00 -2.996e+00 -6.266e+00) (3.592e-03 -7.587e-03 1.834e-02) (0.000e+00 0.000e+00 0.000e+00))
56         	((-1.158e+01 1.616e+01 -7.018e-01) (-9.396e-02 1.327e-02 8.555e-03) (0.000e+00 0.000e+00 0.000e+00)) ((-1.336e+00 -2.938e+00 -6.234e+00) (3.471e-03 -7.997e-03 1.864e-02) (0.000e+00 0.000e+00 0.000e+00))
57         	((-1.143e+01 1.600e+01 -6.141e-01) (-9.522e-02 1.308e-02 8.458e-03) (0.000e+00 0.000e+00 0.000e+00)) ((-1.328e+00 -2.881e+00 -6.210e+00) (3.414e-03 -8.347e-03 1.914e-02) (0.000e+00 0.000e+00 0.000e+00))
58         	((-1.129e+01 1.587e+01 -5.140e-01) (-9.664e-02 1.276e-02 8.536e-03) (0.000e+00 0.000e+00 0.000e+00)) ((-1.324e+00 -2.836e+00 -6.211e+00) (3.418e-03 -8.546e-03 1.976e-02) (0.000e+00 0.000e+00 0.000e+00))
59         	((-1.117e+01 1.582e+01 -4.072e-01) (-9.818e-02 1.249e-02 8.857e-03) (0.000e+00 0.000e+00 0.000e+00)) ((-1.325e+00 -2.806e+00 -6.248e+00) (3.482e-03 -8.553e-03 2.039e-02) (0.000e+00 0.000e+00 0.000e+00))
60         	((-1.113e+01 1.590e+01 -3.962e-01) (-9.966e-02 1.224e-02 9.203e-03) (0.000e+00 0.000e+00 0.000e+00)) ((-1.341e+00 -2.812e+00 -6.294e+00) (3.561e-03 -8.495e-03 2.102e-02) (0.000e+00 0.000e+00 0.000e+00))
61         	((-1.115e+01 1.610e+01 -4.839e-01) (-1.012e-01 1.212e-02 9.506e-03) (0.000e+00 0.000e+00 0.000e+00)) ((-1.367e+00 -2.853e+00 -6.356e+00) (3.627e-03 -8.434e-03 2.160e-02) (0.000e+00 0.000e+00 0.000e+00))
62         	((-1.120e+01 1.627e+01 -5.835e-01) (-1.026e-01 1.202e-02 9.701e-03) (0.000e+00 0.000e+00 0.000e+00)) ((-1.384e+00 -2.890e+00 -6.386e+00) (3.693e-03 -8.398e-03 2.215e-02) (0.000e+00 0.000e+00 0.000e+00))
63         	((-1.133e+01 1.649e+01 -9.129e-01) (-1.041e-01 1.209e-02 9.719e-03) (0.000e+00 0.000e+00 0.000e+00)) ((-1.414e+00 -2.959e+00 -6.366e+00) (3.713e-03 -8.504e-03 2.263e-02) (0.000e+00 0.000e+00 0.000e+00))
64         	((-1.143e+01 1.655e+01 -1.075e+00) (-1.056e-01 1.209e-02 9.874e-03) (0.000e+00 0.000e+00 0.000e+00)) ((-1.424e+00 -2.982e+00 -6.332e+00) (3.804e-03 -8.481e-03 2.316e-02) (0.000e+00 0.000e+00 0.000e+00))
65         	((-1.153e+01 1.652e+01 -1.342e+00) (-1.073e-01 1.213e-02 9.942e-03) (0.000e+00 0.000e+00 0.000e+00)) ((-1.436e+00 -3.001e+00 -6.248e+00) (3.880e-03 -8.569e-03 2.373e-02) (0.000e+00 0.000e+00 0.000e+00))
66         	((-1.159e+01 1.636e+01 -1.591e+00) (-1.091e-01 1.213e-02 1.007e-02) (0.000e+00 0.000e+00 0.000e+00)) ((-1.441e+00 -2.991e+00 -6.145e+00) (3.987e-03 -8.620e-03 2.437e-02) (0.000e+00 0.000e+00 0.000e+00))
67         	((-1.160e+01 1.606e+01 -1.749e+00) (-1.111e-01 1.213e-02 1.030e-02) (0.000e+00 0.000e+00 0.000e+00)) ((-1.433e+00 -2.958e+00 -6.049e+00) (4.115e-03 -8.607e-03 2.510e-02) (0.000e+00 0.000e+00 0.000e+00))
68         	((-1.155e+01 1.565e+01 -1.780e+00) (-1.133e-01 1.214e-02 1.060e-02) (0.000e+00 0.000e+00 0.000e+00)) ((-1.412e+00 -2.906e+00 -5.972e+00) (4.252e-03 -8.516e-03 2.586e-02) (0.000e+00 0.000e+00 0.000e+00))
69         	((-1.145e+01 1.516e+01 -1.696e+00) (-1.158e-01 1.208e-02 1.091e-02) (0.000e+00 0.000e+00 0.000e+00)) ((-1.381e+00 -2.845e+00 -5.905e+00) (4.375e-03 -8.433e-03 2.679e-02) (0.000e+00 0.000e+00 0.000e+00))
70         	((-1.132e+01 1.465e+01 -1.536e+00) (-1.184e-01 1.194e-02 1.129e-02) (0.000e+00 0.000e+00 0.000e+00)) ((-1.345e+00 -2.787e+00 -5.855e+00) (4.499e-03 -8.295e-03 2.778e-02) (0.000e+00 0.000e+00 0.000e+00))
71         	((-1.116e+01 1.416e+01 -1.342e+00) (-1.211e-01 1.180e-02 1.152e-02) (0.000e+00 0.000e+00 0.000e+00)) ((-1.306e+00 -2.734e+00 -5.814e+00) (4.587e-03 -8.311e-03 2.885e-02) (0.000e+00 0.000e+00 0.000e+00))
72         	((-1.100e+01 1.376e+01 -1.149e+00) (-1.237e-01 1.168e-02 1.170e-02) (0.000e+00 0.000e+00 0.000e+00)) ((-1.272e+00 -2.688e+00 -5.794e+00) (4.661e-03 -8.391e-03 2.983e-02) (0.000e+00 0.000e+00 0.000e+00))
73         	((-1.084e+01 1.345e+01 -9.812e-01) (-1.263e-01 1.151e-02 1.180e-02) (0.000e+00 0.000e+00 0.000e+00)) ((-1.245e+00 -2.652e+00 -5.794e+00) (4.743e-03 -8.537e-03 3.083e-02) (0.000e+00 0.000e+00 0.000e+00))
74         	((-1.071e+01 1.323e+01 -8.493e-01) (-1.288e-01 1.143e-02 1.188e-02) (0.000e+00 0.000e+00 0.000e+00)) ((-1.228e+00 -2.635e+00 -5.815e+00) (4.801e-03 -8.711e-03 3.172e-02) (0.000e+00 0.000e+00 0.000e+00))
75         	((-1.063e+01 1.309e+01 -7.585e-01) (-1.313e-01 1.135e-02 1.196e-02) (0.000e+00 0.000e+00 0.000e+00)) ((-1.223e+00 -2.639e+00 -5.847e+00) (4.852e-03 -8.950e-03 3.261e-02) (0.000e+00 0.000e+00 0.000e+00))
76         	((-1.058e+01 1.297e+01 -7.068e-01) (-1.338e-01 1.139e-02 1.225e-02) (0.000e+00 0.000e+00 0.000e+00)) ((-1.224e+00 -2.661e+00 -5.875e+00) (4.935e-03 -9.088e-03 3.341e-02) (0.000e+00 0.000e+00 0.000e+00))
77         	((-1.055e+01 1.290e+01 -6.956e-01) (-1.363e-01 1.155e-02 1.286e-02) (0.000e+00 0.000e+00 0.000e+00)) ((-1.229e+00 -2.690e+00 -5.894e+00) (5.086e-03 -9.031e-03 3.412e-02) (0.000e+00 0.000e+00 0.000e+00))
78         	((-1.055e+01 1.286e+01 -7.195e-01) (-1.385e-01 1.170e-02 1.371e-02) (0.000e+00 0.000e+00 0.000e+00)) ((-1.236e+00 -2.724e+00 -5.908e+00) (5.312e-03 -8.792e-03 3.476e-02) (0.000e+00 0.000e+00 0.000e+00))
79         	((-1.054e+01 1.286e+01 -7.599e-01) (-1.404e-01 1.184e-02 1.465e-02) (0.000e+00 0.000e+00 0.000e+00)) ((-1.243e+00 -2.753e+00 -5.913e+00) (5.572e-03 -8.422e-03 3.529e-02) (0.000e+00 0.000e+00 0.000e+00))
80         	((-1.051e+01 1.290e+01 -7.883e-01) (-1.418e-01 1.202e-02 1.557e-02) (0.000e+00 0.000e+00 0.000e+00)) ((-1.246e+00 -2.765e+00 -5.911e+00) (5.841e-03 -7.951e-03 3.564e-02) (0.000e+00 0.000e+00 0.000e+00))
81         	((-1.045e+01 1.292e+01 -7.849e-01) (-1.427e-01 1.207e-02 1.643e-02) (0.000e+00 0.000e+00 0.000e+00)) ((-1.240e+00 -2.759e+00 -5.891e+00) (6.133e-03 -7.408e-03 3.594e-02) (0.000e+00 0.000e+00 0.000e+00))
82         	((-1.035e+01 1.289e+01 -7.220e-01) (-1.431e-01 1.205e-02 1.719e-02) (0.000e+00 0.000e+00 0.000e+00)) ((-1.223e+00 -2.730e+00 -5.859e+00) (6.426e-03 -6.862e-03 3.616e-02) (0.000e+00 0.000e+00 0.000e+00))
83         	((-1.021e+01 1.279e+01 -5.866e-01) (-1.431e-01 1.197e-02 1.790e-02) (0.000e+00 0.000e+00 0.000e+00)) ((-1.194e+00 -2.681e+00 -5.820e+00) (6.704e-03 -6.288e-03 3.627e-02) (0.000e+00 0.000e+00 0.000e+00))
84         	((-1.006e+01 1.265e+01 -3.947e-01) (-1.432e-01 1.190e-02 1.843e-02) (0.000e+00 0.000e+00 0.000e+00)) ((-1.160e+00 -2.625e+00 -5.782e+00) (6.939e-03 -5.866e-03 3.635e-02) (0.000e+00 0.000e+00 0.000e+00))
85         	((-9.913e+00 1.247e+01 -1.854e-01) (-1.435e-01 1.186e-02 1.874e-02) (0.000e+00 0.000e+00 0.000e+00)) ((-1.123e+00 -2.574e+00 -5.752e+00) (7.103e-03 -5.692e-03 3.646e-02) (0.000e+00 0.000e+00 0.000e+00))
86         	((-9.787e+00 1.231e+01 -6.464e-03) (-1.444e-01 1.211e-02 1.927e-02) (0.000e+00 0.000e+00 0.000e+00)) ((-1.091e+00 -2.538e+00 -5.741e+00) (7.243e-03 -5.486e-03 3.652e-02) (0.000e+00 0.000e+00 0.000e+00))
87         	((-9.703e+00 1.220e+01 1.108e-01) (-1.456e-01 1.236e-02 1.964e-02) (0.000e+00 0.000e+00 0.000e+00)) ((-1.068e+00 -2.524e+00 -5.749e+00) (7.306e-03 -5.432e-03 3.665e-02) (0.000e+00 0.000e+00 0.000e+00))
88         	((-9.662e+00 1.215e+01 1.565e-01) (-1.470e-01 1.257e-02 2.017e-02) (0.000e+00 0.000e+00 0.000e+00)) ((-1.053e+00 -2.528e+00 -5.771e+00) (7.405e-03 -5.321e-03 3.682e-02) (0.000e+00 0.000e+00 0.000e+00))
89         	((-9.650e+00 1.213e+01 1.523e-01) (-1.487e-01 1.274e-02 2.070e-02) (0.000e+00 0.000e+00 0.000e+00)) ((-1.045e+00 -2.541e+00 -5.794e+00) (7.494e-03 -5.282e-03 3.709e-02) (0.000e+00 0.000e+00 0.000e+00))
90         	((-9.654e+00 1.212e+01 1.284e-01) (-1.504e-01 1.291e-02 2.125e-02) (0.000e+00 0.000e+00 0.000e+00)) ((-1.037e+00 -2.556e+00 -5.806e+00) (7.571e-03 -5.287e-03 3.739e-02) (0.000e+00 0.000e+00 0.000e+00))
91         	((-9.656e+00 1.210e+01 1.088e-01) (-1.522e-01 1.298e-02 2.180e-02) (0.000e+00 0.000e+00 0.000e+00)) ((-1.026e+00 -2.566e+00 -5.802e+00) (7.656e-03 -5.303e-03 3.773e-02) (0.000e+00 0.000e+00 0.000e+00))
92         	((-9.642e+00 1.205e+01 1.039e-01) (-1.540e-01 1.293e-02 2.238e-02) (0.000e+00 0.000e+00 0.000e+00)) ((-1.011e+00 -2.568e+00 -5.781e+00) (7.765e-03 -5.333e-03 3.817e-02) (0.000e+00 0.000e+00 0.000e+00))
93         	((-9.604e+00 1.197e+01 1.175e-01) (-1.557e-01 1.275e-02 2.298e-02) (0.000e+00 0.000e+00 0.000e+00)) ((-9.921e-01 -2.561e+00 -5.748e+00) (7.906e-03 -5.347e-03 3.869e-02) (0.000e+00 0.000e+00 0.000e+00))
94         	((-9.543e+00 1.188e+01 1.463e-01) (-1.576e-01 1.259e-02 2.386e-02) (0.000e+00 0.000e+00 0.000e+00)) ((-9.692e-01 -2.544e+00 -5.712e+00) (8.102e-03 -5.191e-03 3.921e-02) (0.000e+00 0.000e+00 0.000e+00))
95         	((-9.461e+00 1.177e+01 1.839e-01) (-1.596e-01 1.239e-02 2.484e-02) (0.000e+00 0.000e+00 0.000e+00)) ((-9.424e-01 -2.516e+00 -5.672e+00) (8.324e-03 -4.963e-03 3.980e-02) (0.000e+00 0.000e+00 0.000e+00))
96         	((-9.364e+00 1.163e+01 2.189e-01) (-1.617e-01 1.225e-02 2.559e-02) (0.000e+00 0.000e+00 0.000e+00)) ((-9.134e-01 -2.482e+00 -5.622e+00) (8.476e-03 -4.922e-03 4.034e-02) (0.000e+00 0.000e+00 0.000e+00))
97         	((-9.266e+00 1.149e+01 2.417e-01) (-1.637e-01 1.213e-02 2.666e-02) (0.000e+00 0.000e+00 0.000e+00)) ((-8.830e-01 -2.442e+00 -5.560e+00) (8.728e-03 -4.580e-03 4.081e-02) (0.000e+00 0.000e+00 0.000e+00))
98         	((-9.177e+00 1.137e+01 2.330e-01) (-1.657e-01 1.207e-02 2.752e-02) (0.000e+00 0.000e+00 0.000e+00)) ((-8.563e-01 -2.400e+00 -5.492e+00) (8.931e-03 -4.368e-03 4.121e-02) (0.000e+00 0.000e+00 0.000e+00))
99         	((-9.106e+00 1.129e+01 1.807e-01) (-1.676e-01 1.213e-02 2.831e-02) (0.000e+00 0.000e+00 0.000e+00)) ((-8.364e-01 -2.362e+00 -5.426e+00) (9.100e-03 -4.177e-03 4.150e-02) (0.000e+00 0.000e+00 0.000e+00))
100        	((-9.050e+00 1.125e+01 8.331e-02) (-1.695e-01 1.221e-02 2.892e-02) (0.000e+00 0.000e+00 0.000e+00)) ((-8.241e-01 -2.328e+00 -5.366e+00) (9.238e-03 -4.101e-03 4.176e-02) (0.000e+00 0.000e+00 0.000e+00))
101        	((-9.005e+00 1.125e+01 -5.188e-02) (-1.713e-01 1.229e-02 2.942e-02) (0.000e+00 0.000e+00 0.000e+00)) ((-8.183e-01 -2.300e+00 -5.315e+00) (9.372e-03 -4.068e-03 4.198e-02) (0.000e+00 0.000e+00 0.000e+00))
102        	((-8.972e+00 1.126e+01 -2.109e-01) (-1.731e-01 1.243e-02 2.967e-02) (0.000e+00 0.000e+00 0.000e+00)) ((-8.168e-01 -2.282e+00 -5.275e+00) (9.450e-03 -4.183e-03 4.216e-02) (0.000e+00 0.000e+00 0.000e+00))
103        	((-8.953e+00 1.127e+01 -3.697e-01) (-1.750e-01 1.247e-02 2.966e-02) (0.000e+00 0.000e+00 0.000e+00)) ((-8.168e-01 -2.273e+00 -5.250e+00) (9.509e-03 -4.477e-03 4.242e-02) (0.000e+00 0.000e+00 0.000e+00))
104        	((-8.944e+00 1.126e+01 -5.099e-01) (-1.768e-01 1.245e-02 2.956e-02) (0.000e+00 0.000e+00 0.000e+00)) ((-8.174e-01 -2.270e+00 -5.238e+00) (9.560e-03 -4.860e-03 4.274e-02) (0.000e+00 0.000e+00 0.000e+00))
105        	((-8.942e+00 1.124e+01 -6.189e-01) (-1.787e-01 1.238e-02 2.941e-02) (0.000e+00 0.000e+00 0.000e+00)) ((-8.172e-01 -2.271e+00 -5.239e+00) (9.610e-03 -5.278e-03 4.310e-02) (0.000e+00 0.000e+00 0.000e+00))
106        	((-8.943e+00 1.121e+01 -6.922e-01) (-1.804e-01 1.233e-02 2.904e-02) (0.000e+00 0.000e+00 0.000e+00)) ((-8.149e-01 -2.274e+00 -5.253e+00) (9.610e-03 -5.811e-03 4.339e-02) (0.000e+00 0.000e+00 0.000e+00))
107        	((-8.945e+00 1.118e+01 -7.345e-01) (-1.821e-01 1.237e-02 2.868e-02) (0.000e+00 0.000e+00 0.000e+00)) ((-8.107e-01 -2.279e+00 -5.282e+00) (9.598e-03 -6.356e-03 4.357e-02) (0.000e+00 0.000e+00 0.000e+00))
108        	((-8.946e+00 1.118e+01 -7.622e-01) (-1.836e-01 1.238e-02 2.835e-02) (0.000e+00 0.000e+00 0.000e+00)) ((-8.067e-01 -2.288e+00 -5.325e+00) (9.607e-03 -6.787e-03 4.372e-02) (0.000e+00 0.000e+00 0.000e+00))
109        	((-8.947e+00 1.121e+01 -7.897e-01) (-1.850e-01 1.247e-02 2.786e-02) (0.000e+00 0.000e+00 0.000e+00)) ((-8.059e-01 -2.301e+00 -5.379e+00) (9.560e-03 -7.274e-03 4.379e-02) (0.000e+00 0.000e+00 0.000e+00))
110        	((-8.949e+00 1.128e+01 -8.268e-01) (-1.863e-01 1.259e-02 2.735e-02) (0.000e+00 0.000e+00 0.000e+00)) ((-8.117e-01 -2.318e+00 -5.442e+00) (9.481e-03 -7.702e-03 4.388e-02) (0.000e+00 0.000e+00 0.000e+00))
111        	((-8.946e+00 1.140e+01 -8.756e-01) (-1.877e-01 1.272e-02 2.678e-02) (0.000e+00 0.000e+00 0.000e+00)) ((-8.248e-01 -2.336e+00 -5.514e+00) (9.360e-03 -8.124e-03 4.397e-02) (0.000e+00 0.000e+00 0.000e+00))
112        	((-8.938e+00 1.157e+01 -9.253e-01) (-1.889e-01 1.285e-02 2.620e-02) (0.000e+00 0.000e+00 0.000e+00)) ((-8.475e-01 -2.352e+00 -5.593e+00) (9.224e-03 -8.502e-03 4.408e-02) (0.000e+00 0.000e+00 0.000e+00))
113        	((-8.911e+00 1.178e+01 -9.688e-01) (-1.903e-01 1.301e-02 2.570e-02) (0.000e+00 0.000e+00 0.000e+00)) ((-8.785e-01 -2.360e+00 -5.675e+00) (9.083e-03 -8.780e-03 4.422e-02) (0.000e+00 0.000e+00 0.000e+00))
114        	((-8.876e+00 1.198e+01 -1.003e+00) (-1.919e-01 1.320e-02 2.516e-02) (0.000e+00 0.000e+00 0.000e+00)) ((-9.133e-01 -2.358e+00 -5.740e+00) (8.928e-03 -9.093e-03 4.439e-02) (0.000e+00 0.000e+00 0.000e+00))
115        	((-8.830e+00 1.216e+01 -1.019e+00) (-1.936e-01 1.346e-02 2.471e-02) (0.000e+00 0.000e+00 0.000e+00)) ((-9.497e-01 -2.347e+00 -5.786e+00) (8.798e-03 -9.394e-03 4.460e-02) (0.000e+00 0.000e+00 0.000e+00))
116        	((-8.776e+00 1.229e+01 -1.013e+00) (-1.955e-01 1.375e-02 2.434e-02) (0.000e+00 0.000e+00 0.000e+00)) ((-9.822e-01 -2.330e+00 -5.811e+00) (8.679e-03 -9.672e-03 4.483e-02) (0.000e+00 0.000e+00 0.000e+00))
117        	((-8.722e+00 1.237e+01 -9.874e-01) (-1.975e-01 1.406e-02 2.410e-02) (0.000e+00 0.000e+00 0.000e+00)) ((-1.007e+00 -2.312e+00 -5.819e+00) (8.589e-03 -9.899e-03 4.508e-02) (0.000e+00 0.000e+00 0.000e+00))
118        	((-8.672e+00 1.242e+01 -9.424e-01) (-1.997e-01 1.431e-02 2.392e-02) (0.000e+00 0.000e+00 0.000e+00)) ((-1.022e+00 -2.293e+00 -5.816e+00) (8.510e-03 -1.016e-02 4.544e-02) (0.000e+00 0.000e+00 0.000e+00))
119        	((-8.637e+00 1.245e+01 -8.942e-01) (-2.022e-01 1.452e-02 2.373e-02) (0.000e+00 0.000e+00 0.000e+00)) ((-1.028e+00 -2.278e+00 -5.811e+00) (8.442e-03 -1.046e-02 4.587e-02) (0.000e+00 0.000e+00 0.000e+00))
120        	((-8.609e+00 1.246e+01 -8.430e-01) (-2.047e-01 1.478e-02 2.370e-02) (0.000e+00 0.000e+00 0.000e+00)) ((-1.029e+00 -2.264e+00 -5.803e+00) (8.407e-03 -1.066e-02 4.626e-02) (0.000e+00 0.000e+00 0.000e+00))
121        	((-8.592e+00 1.247e+01 -7.950e-01) (-2.072e-01 1.500e-02 2.366e-02) (0.000e+00 0.000e+00 0.000e+00)) ((-1.025e+00 -2.253e+00 -5.791e+00) (8.386e-03 -1.091e-02 4.668e-02) (0.000e+00 0.000e+00 0.000e+00))
122        	((-8.581e+00 1.246e+01 -7.501e-01) (-2.097e-01 1.519e-02 2.366e-02) (0.000e+00 0.000e+00 0.000e+00)) ((-1.018e+00 -2.244e+00 -5.775e+00) (8.381e-03 -1.114e-02 4.713e-02) (0.000e+00 0.000e+00 0.000e+00))
123        	((-8.573e+00 1.243e+01 -7.089e-01) (-2.122e-01 1.535e-02 2.371e-02) (0.000e+00 0.000e+00 0.000e+00)) ((-1.008e+00 -2.238e+00 -5.752e+00) (8.399e-03 -1.133e-02 4.758e-02) (0.000e+00 0.000e+00 0.000e+00))
124        	((-8.562e+00 1.239e+01 -6.700e-01) (-2.146e-01 1.548e-02 2.386e-02) (0.000e+00 0.000e+00 0.000e+00)) ((-9.958e-01 -2.235e+00 -5.725e+00) (8.446e-03 -1.143e-02 4.802e-02) (0.000e+00 0.000e+00 0.000e+00))
125        	((-8.546e+00 1.234e+01 -6.317e-01) (-2.169e-01 1.565e-02 2.402e-02) (0.000e+00 0.000e+00 0.000e+00)) ((-9.816e-01 -2.235e+00 -5.693e+00) (8.485e-03 -1.152e-02 4.842e-02) (0.000e+00 0.000e+00 0.000e+00))
126        	((-8.524e+00 1.229e+01 -5.896e-01) (-2.192e-01 1.581e-02 2.419e-02) (0.000e+00 0.000e+00 0.000e+00)) ((-9.659e-01 -2.238e+00 -5.657e+00) (8.536e-03 -1.157e-02 4.880e-02) (0.000e+00 0.000e+00 0.000e+00))
127        	((-8.506e+00 1.222e+01 -5.414e-01) (-2.214e-01 1.597e-02 2.445e-02) (0.000e+00 0.000e+00 0.000e+00)) ((-9.499e-01 -2.247e+00 -5.623e+00) (8.608e-03 -1.155e-02 4.916e-02) (0.000e+00 0.000e+00 0.000e+00))
128        	((-8.494e+00 1.216e+01 -4.842e-01) (-2.237e-01 1.615e-02 2.471e-02) (0.000e+00 0.000e+00 0.000e+00)) ((-9.352e-01 -2.261e+00 -5.600e+00) (8.674e-03 -1.154e-02 4.950e-02) (0.000e+00 0.000e+00 0.000e+00))
129        	((-8.491e+00 1.210e+01 -4.189e-01) (-2.259e-01 1.632e-02 2.496e-02) (0.000e+00 0.000e+00 0.000e+00)) ((-9.233e-01 -2.281e+00 -5.596e+00) (8.735e-03 -1.155e-02 4.983e-02) (0.000e+00 0.000e+00 0.000e+00))
130        	((-8.494e+00 1.203e+01 -3.478e-01) (-2.280e-01 1.653e-02 2.509e-02) (0.000e+00 0.000e+00 0.000e+00)) ((-9.153e-01 -2.305e+00 -5.614e+00) (8.748e-03 -1.168e-02 5.009e-02) (0.000e+00 0.000e+00 0.000e+00))
131        	((-8.503e+00 1.196e+01 -2.776e-01) (-2.300e-01 1.672e-02 2.520e-02) (0.000e+00 0.000e+00 0.000e+00)) ((-9.111e-01 -2.332e+00 -5.651e+00) (8.752e-03 -1.183e-02 5.033e-02) (0.000e+00 0.000e+00 0.000e+00))
132        	((-8.517e+00 1.189e+01 -2.150e-01) (-2.318e-01 1.679e-02 2.535e-02) (0.000e+00 0.000e+00 0.000e+00)) ((-9.098e-01 -2.362e+00 -5.698e+00) (8.790e-03 -1.195e-02 5.061e-02) (0.000e+00 0.000e+00 0.000e+00))
133        	((-8.542e+00 1.180e+01 -1.667e-01) (-2.337e-01 1.686e-02 2.566e-02) (0.000e+00 0.000e+00 0.000e+00)) ((-9.098e-01 -2.394e+00 -5.744e+00) (8.876e-03 -1.200e-02 5.092e-02) (0.000e+00 0.000e+00 0.000e+00))
134        	((-8.584e+00 1.170e+01 -1.353e-01) (-2.356e-01 1.695e-02 2.600e-02) (0.000e+00 0.000e+00 0.000e+00)) ((-9.096e-01 -2.427e+00 -5.781e+00) (8.975e-03 -1.204e-02 5.119e-02) (0.000e+00 0.000e+00 0.000e+00))
135        	((-8.648e+00 1.160e+01 -1.156e-01) (-2.376e-01 1.704e-02 2.645e-02) (0.000e+00 0.000e+00 0.000e+00)) ((-9.079e-01 -2.460e+00 -5.804e+00) (9.114e-03 -1.207e-02 5.149e-02) (0.000e+00 0.000e+00 0.000e+00))
136        	((-8.736e+00 1.148e+01 -1.008e-01) (-2.395e-01 1.712e-02 2.702e-02) (0.000e+00 0.000e+00 0.000e+00)) ((-9.042e-01 -2.493e+00 -5.811e+00) (9.298e-03 -1.206e-02 5.178e-02) (0.000e+00 0.000e+00 0.000e+00))
137        	((-8.846e+00 1.135e+01 -8.397e-02) (-2.415e-01 1.729e-02 2.763e-02) (0.000e+00 0.000e+00 0.000e+00)) ((-8.979e-01 -2.521e+00 -5.804e+00) (9.479e-03 -1.206e-02 5.202e-02) (0.000e+00 0.000e+00 0.000e+00))
138        	((-8.973e+00 1.122e+01 -6.081e-02) (-2.433e-01 1.744e-02 2.845e-02) (0.000e+00 0.000e+00 0.000e+00)) ((-8.892e-01 -2.545e+00 -5.781e+00) (9.723e-03 -1.193e-02 5.225e-02) (0.000e+00 0.000e+00 0.000e+00))
139        	((-9.112e+00 1.108e+01 -3.583e-02) (-2.448e-01 1.754e-02 2.931e-02) (0.000e+00 0.000e+00 0.000e+00)) ((-8.783e-01 -2.566e+00 -5.741e+00) (1.000e-02 -1.172e-02 5.244e-02) (0.000e+00 0.000e+00 0.000e+00))
140        	((-9.252e+00 1.095e+01 -1.401e-02) (-2.462e-01 1.759e-02 3.005e-02) (0.000e+00 0.000e+00 0.000e+00)) ((-8.661e-01 -2.584e+00 -5.685e+00) (1.026e-02 -1.160e-02 5.265e-02) (0.000e+00 0.000e+00 0.000e+00))
141        	((-9.389e+00 1.081e+01 -8.007e-03) (-2.474e-01 1.760e-02 3.063e-02) (0.000e+00 0.000e+00 0.000e+00)) ((-8.538e-01 -2.599e+00 -5.609e+00) (1.049e-02 -1.149e-02 5.283e-02) (0.000e+00 0.000e+00 0.000e+00))
142        	((-9.511e+00 1.070e+01 -1.638e-02) (-2.484e-01 1.760e-02 3.113e-02) (0.000e+00 0.000e+00 0.000e+00)) ((-8.418e-01 -2.611e+00 -5.529e+00) (1.071e-02 -1.137e-02 5.300e-02) (0.000e+00 0.000e+00 0.000e+00))
143        	((-9.613e+00 1.062e+01 -3.994e-02) (-2.492e-01 1.754e-02 3.141e-02) (0.000e+00 0.000e+00 0.000e+00)) ((-8.305e-01 -2.620e+00 -5.456e+00) (1.087e-02 -1.133e-02 5.318e-02) (0.000e+00 0.000e+00 0.000e+00))
144        	((-9.690e+00 1.055e+01 -7.359e-02) (-2.500e-01 1.746e-02 3.158e-02) (0.000e+00 0.000e+00 0.000e+00)) ((-8.207e-01 -2.624e+00 -5.397e+00) (1.100e-02 -1.135e-02 5.340e-02) (0.000e+00 0.000e+00 0.000e+00))
145        	((-9.740e+00 1.051e+01 -1.116e-01) (-2.507e-01 1.748e-02 3.181e-02) (0.000e+00 0.000e+00 0.000e+00)) ((-8.126e-01 -2.625e+00 -5.358e+00) (1.112e-02 -1.129e-02 5.353e-02) (0.000e+00 0.000e+00 0.000e+00))
146        	((-9.770e+00 1.049e+01 -1.533e-01) (-2.514e-01 1.748e-02 3.191e-02) (0.000e+00 0.000e+00 0.000e+00)) ((-8.079e-01 -2.624e+00 -5.343e+00) (1.120e-02 -1.128e-02 5.368e-02) (0.000e+00 0.000e+00 0.000e+00))
147        	((-9.780e+00 1.049e+01 -1.956e-01) (-2.519e-01 1.746e-02 3.188e-02) (0.000e+00 0.000e+00 0.000e+00)) ((-8.060e-01 -2.620e+00 -5.349e+00) (1.124e-02 -1.128e-02 5.382e-02) (0.000e+00 0.000e+00 0.000e+00))
148        	((-9.779e+00 1.050e+01 -2.424e-01) (-2.523e-01 1.746e-02 3.173e-02) (0.000e+00 0.000e+00 0.000e+00)) ((-8.080e-01 -2.617e+00 -5.368e+00) (1.122e-02 -1.132e-02 5.391e-02) (0.000e+00 0.000e+00 0.000e+00))
149        	((-9.769e+00 1.053e+01 -2.988e-01) (-2.526e-01 1.742e-02 3.150e-02) (0.000e+00 0.000e+00 0.000e+00)) ((-8.142e-01 -2.614e+00 -5.398e+00) (1.118e-02 -1.136e-02 5.400e-02) (0.000e+00 0.000e+00 0.000e+00))
150        	((-9.745e+00 1.058e+01 -3.671e-01) (-2.528e-01 1.738e-02 3.121e-02) (0.000e+00 0.000e+00 0.000e+00)) ((-8.241e-01 -2.609e+00 -5.431e+00) (1.110e-02 -1.142e-02 5.405e-02) (0.000e+00 0.000e+00 0.000e+00))
151        	((-9.697e+00 1.063e+01 -4.431e-01) (-2.528e-01 1.740e-02 3.087e-02) (0.000e+00 0.000e+00 0.000e+00)) ((-8.355e-01 -2.598e+00 -5.461e+00) (1.100e-02 -1.145e-02 5.403e-02) (0.000e+00 0.000e+00 0.000e+00))
152        	((-9.622e+00 1.068e+01 -5.208e-01) (-2.526e-01 1.741e-02 3.045e-02) (0.000e+00 0.000e+00 0.000e+00)) ((-8.465e-01 -2.579e+00 -5.482e+00) (1.086e-02 -1.147e-02 5.392e-02) (0.000e+00 0.000e+00 0.000e+00))
153        	((-9.526e+00 1.072e+01 -5.957e-01) (-2.522e-01 1.745e-02 2.996e-02) (0.000e+00 0.000e+00 0.000e+00)) ((-8.563e-01 -2.552e+00 -5.492e+00) (1.069e-02 -1.153e-02 5.376e-02) (0.000e+00 0.000e+00 0.000e+00))
154        	((-9.419e+00 1.073e+01 -6.625e-01) (-2.518e-01 1.749e-02 2.940e-02) (0.000e+00 0.000e+00 0.000e+00)) ((-8.644e-01 -2.520e+00 -5.492e+00) (1.050e-02 -1.162e-02 5.358e-02) (0.000e+00 0.000e+00 0.000e+00))
155        	((-9.314e+00 1.072e+01 -7.197e-01) (-2.514e-01 1.754e-02 2.884e-02) (0.000e+00 0.000e+00 0.000e+00)) ((-8.706e-01 -2.488e+00 -5.481e+00) (1.031e-02 -1.172e-02 5.336e-02) (0.000e+00 0.000e+00 0.000e+00))
156        	((-9.219e+00 1.070e+01 -7.642e-01) (-2.509e-01 1.757e-02 2.828e-02) (0.000e+00 0.000e+00 0.000e+00)) ((-8.756e-01 -2.459e+00 -5.462e+00) (1.012e-02 -1.183e-02 5.312e-02) (0.000e+00 0.000e+00 0.000e+00))
157        	((-9.141e+00 1.066e+01 -7.947e-01) (-2.503e-01 1.763e-02 2.777e-02) (0.000e+00 0.000e+00 0.000e+00)) ((-8.796e-01 -2.433e+00 -5.435e+00) (9.927e-03 -1.193e-02 5.282e-02) (0.000e+00 0.000e+00 0.000e+00))
158        	((-9.084e+00 1.063e+01 -8.096e-01) (-2.496e-01 1.768e-02 2.731e-02) (0.000e+00 0.000e+00 0.000e+00)) ((-8.833e-01 -2.413e+00 -5.405e+00) (9.759e-03 -1.198e-02 5.252e-02) (0.000e+00 0.000e+00 0.000e+00))
159        	((-9.050e+00 1.059e+01 -8.069e-01) (-2.490e-01 1.777e-02 2.693e-02) (0.000e+00 0.000e+00 0.000e+00)) ((-8.863e-01 -2.397e+00 -5.372e+00) (9.605e-03 -1.199e-02 5.217e-02) (0.000e+00 0.000e+00 0.000e+00))
160        	((-9.041e+00 1.056e+01 -7.913e-01) (-2.483e-01 1.782e-02 2.661e-02) (0.000e+00 0.000e+00 0.000e+00)) ((-8.895e-01 -2.389e+00 -5.342e+00) (9.479e-03 -1.194e-02 5.185e-02) (0.000e+00 0.000e+00 0.000e+00))
161        	((-9.058e+00 1.053e+01 -7.673e-01) (-2.478e-01 1.792e-02 2.643e-02) (0.000e+00 0.000e+00 0.000e+00)) ((-8.926e-01 -2.388e+00 -5.317e+00) (9.394e-03 -1.180e-02 5.155e-02) (0.000e+00 0.000e+00 0.000e+00))
162        	((-9.099e+00 1.050e+01 -7.407e-01) (-2.474e-01 1.794e-02 2.634e-02) (0.000e+00 0.000e+00 0.000e+00)) ((-8.950e-01 -2.393e+00 -5.297e+00) (9.362e-03 -1.158e-02 5.134e-02) (0.000e+00 0.000e+00 0.000e+00))
163        	((-9.154e+00 1.047e+01 -7.152e-01) (-2.472e-01 1.803e-02 2.633e-02) (0.000e+00 0.000e+00 0.000e+00)) ((-8.960e-01 -2.403e+00 -5.282e+00) (9.346e-03 -1.134e-02 5.116e-02) (0.000e+00 0.000e+00 0.000e+00))
164        	((-9.216e+00 1.043e+01 -6.942e-01) (-2.473e-01 1.806e-02 2.632e-02) (0.000e+00 0.000e+00 0.000e+00)) ((-8.947e-01 -2.414e+00 -5.267e+00) (9.355e-03 -1.111e-02 5.108e-02) (0.000e+00 0.000e+00 0.000e+00))
165        	((-9.278e+00 1.038e+01 -6.769e-01) (-2.474e-01 1.806e-02 2.633e-02) (0.000e+00 0.000e+00 0.000e+00)) ((-8.904e-01 -2.425e+00 -5.252e+00) (9.378e-03 -1.088e-02 5.108e-02) (0.000e+00 0.000e+00 0.000e+00))
166        	((-9.333e+00 1.032e+01 -6.609e-01) (-2.476e-01 1.805e-02 2.636e-02) (0.000e+00 0.000e+00 0.000e+00)) ((-8.831e-01 -2.433e+00 -5.234e+00) (9.417e-03 -1.062e-02 5.110e-02) (0.000e+00 0.000e+00 0.000e+00))
167        	((-9.381e+00 1.026e+01 -6.450e-01) (-2.478e-01 1.802e-02 2.637e-02) (0.000e+00 0.000e+00 0.000e+00)) ((-8.739e-01 -2.437e+00 -5.215e+00) (9.462e-03 -1.035e-02 5.113e-02) (0.000e+00 0.000e+00 0.000e+00))
168        	((-9.423e+00 1.021e+01 -6.285e-01) (-2.479e-01 1.801e-02 2.636e-02) (0.000e+00 0.000e+00 0.000e+00)) ((-8.640e-01 -2.440e+00 -5.197e+00) (9.501e-03 -1.009e-02 5.112e-02) (0.000e+00 0.000e+00 0.000e+00))
169        	((-9.460e+00 1.017e+01 -6.115e-01) (-2.479e-01 1.802e-02 2.626e-02) (0.000e+00 0.000e+00 0.000e+00)) ((-8.541e-01 -2.442e+00 -5.181e+00) (9.513e-03 -9.870e-03 5.108e-02) (0.000e+00 0.000e+00 0.000e+00))
170        	((-9.494e+00 1.014e+01 -5.950e-01) (-2.478e-01 1.801e-02 2.616e-02) (0.000e+00 0.000e+00 0.000e+00)) ((-8.449e-01 -2.445e+00 -5.166e+00) (9.520e-03 -9.653e-03 5.106e-02) (0.000e+00 0.000e+00 0.000e+00))
171        	((-9.528e+00 1.012e+01 -5.797e-01) (-2.477e-01 1.798e-02 2.600e-02) (0.000e+00 0.000e+00 0.000e+00)) ((-8.366e-01 -2.449e+00 -5.151e+00) (9.513e-03 -9.505e-03 5.104e-02) (0.000e+00 0.000e+00 0.000e+00))
172        	((-9.562e+00 1.012e+01 -5.662e-01) (-2.475e-01 1.795e-02 2.586e-02) (0.000e+00 0.000e+00 0.000e+00)) ((-8.291e-01 -2.454e+00 -5.135e+00) (9.504e-03 -9.358e-03 5.103e-02) (0.000e+00 0.000e+00 0.000e+00))
173        	((-9.596e+00 1.012e+01 -5.542e-01) (-2.473e-01 1.786e-02 2.571e-02) (0.000e+00 0.000e+00 0.000e+00)) ((-8.218e-01 -2.460e+00 -5.117e+00) (9.502e-03 -9.266e-03 5.106e-02) (0.000e+00 0.000e+00 0.000e+00))
174        	((-9.628e+00 1.011e+01 -5.418e-01) (-2.470e-01 1.781e-02 2.554e-02) (0.000e+00 0.000e+00 0.000e+00)) ((-8.140e-01 -2.466e+00 -5.096e+00) (9.485e-03 -9.224e-03 5.108e-02) (0.000e+00 0.000e+00 0.000e+00))
175        	((-9.656e+00 1.010e+01 -5.280e-01) (-2.468e-01 1.773e-02 2.542e-02) (0.000e+00 0.000e+00 0.000e+00)) ((-8.063e-01 -2.471e+00 -5.076e+00) (9.486e-03 -9.182e-03 5.113e-02) (0.000e+00 0.000e+00 0.000e+00))
176        	((-9.680e+00 1.009e+01 -5.118e-01) (-2.465e-01 1.767e-02 2.527e-02) (0.000e+00 0.000e+00 0.000e+00)) ((-7.992e-01 -2.476e+00 -5.058e+00) (9.477e-03 -9.204e-03 5.118e-02) (0.000e+00 0.000e+00 0.000e+00))
177        	((-9.693e+00 1.008e+01 -4.910e-01) (-2.463e-01 1.761e-02 2.518e-02) (0.000e+00 0.000e+00 0.000e+00)) ((-7.929e-01 -2.478e+00 -5.043e+00) (9.478e-03 -9.220e-03 5.124e-02) (0.000e+00 0.000e+00 0.000e+00))
178        	((-9.694e+00 1.008e+01 -4.657e-01) (-2.461e-01 1.754e-02 2.509e-02) (0.000e+00 0.000e+00 0.000e+00)) ((-7.878e-01 -2.477e+00 -5.034e+00) (9.481e-03 -9.263e-03 5.132e-02) (0.000e+00 0.000e+00 0.000e+00))
179        	((-9.679e+00 1.008e+01 -4.351e-01) (-2.458e-01 1.749e-02 2.520e-02) (0.000e+00 0.000e+00 0.000e+00)) ((-7.836e-01 -2.472e+00 -5.032e+00) (9.529e-03 -9.168e-03 5.138e-02) (0.000e+00 0.000e+00 0.000e+00))
180        	((-9.649e+00 1.008e+01 -3.997e-01) (-2.454e-01 1.750e-02 2.531e-02) (0.000e+00 0.000e+00 0.000e+00)) ((-7.804e-01 -2.465e+00 -5.035e+00) (9.559e-03 -9.078e-03 5.136e-02) (0.000e+00 0.000e+00 0.000e+00))
181        	((-9.606e+00 1.009e+01 -3.638e-01) (-2.450e-01 1.751e-02 2.551e-02) (0.000e+00 0.000e+00 0.000e+00)) ((-7.786e-01 -2.455e+00 -5.046e+00) (9.612e-03 -8.911e-03 5.134e-02) (0.000e+00 0.000e+00 0.000e+00))
182        	((-9.555e+00 1.011e+01 -3.327e-01) (-2.446e-01 1.753e-02 2.574e-02) (0.000e+00 0.000e+00 0.000e+00)) ((-7.791e-01 -2.445e+00 -5.066e+00) (9.656e-03 -8.726e-03 5.128e-02) (0.000e+00 0.000e+00 0.000e+00))
183        	((-9.499e+00 1.014e+01 -3.126e-01) (-2.440e-01 1.754e-02 2.594e-02) (0.000e+00 0.000e+00 0.000e+00)) ((-7.823e-01 -2.437e+00 -5.097e+00) (9.683e-03 -8.557e-03 5.121e-02) (0.000e+00 0.000e+00 0.000e+00))
184        	((-9.443e+00 1.019e+01 -3.079e-01) (-2.435e-01 1.759e-02 2.610e-02) (0.000e+00 0.000e+00 0.000e+00)) ((-7.887e-01 -2.433e+00 -5.139e+00) (9.684e-03 -8.417e-03 5.109e-02) (0.000e+00 0.000e+00 0.000e+00))
185        	((-9.392e+00 1.026e+01 -3.200e-01) (-2.429e-01 1.757e-02 2.627e-02) (0.000e+00 0.000e+00 0.000e+00)) ((-7.981e-01 -2.435e+00 -5.192e+00) (9.699e-03 -8.259e-03 5.099e-02) (0.000e+00 0.000e+00 0.000e+00))
186        	((-9.345e+00 1.034e+01 -3.451e-01) (-2.423e-01 1.768e-02 2.652e-02) (0.000e+00 0.000e+00 0.000e+00)) ((-8.091e-01 -2.439e+00 -5.251e+00) (9.705e-03 -8.057e-03 5.079e-02) (0.000e+00 0.000e+00 0.000e+00))
187        	((-9.301e+00 1.041e+01 -3.770e-01) (-2.416e-01 1.776e-02 2.686e-02) (0.000e+00 0.000e+00 0.000e+00)) ((-8.204e-01 -2.444e+00 -5.312e+00) (9.738e-03 -7.792e-03 5.058e-02) (0.000e+00 0.000e+00 0.000e+00))
188        	((-9.256e+00 1.048e+01 -4.079e-01) (-2.410e-01 1.787e-02 2.724e-02) (0.000e+00 0.000e+00 0.000e+00)) ((-8.303e-01 -2.445e+00 -5.368e+00) (9.774e-03 -7.510e-03 5.036e-02) (0.000e+00 0.000e+00 0.000e+00))
189        	((-9.209e+00 1.052e+01 -4.300e-01) (-2.403e-01 1.789e-02 2.755e-02) (0.000e+00 0.000e+00 0.000e+00)) ((-8.371e-01 -2.440e+00 -5.412e+00) (9.816e-03 -7.288e-03 5.020e-02) (0.000e+00 0.000e+00 0.000e+00))
190        	((-9.159e+00 1.054e+01 -4.368e-01) (-2.397e-01 1.791e-02 2.785e-02) (0.000e+00 0.000e+00 0.000e+00)) ((-8.395e-01 -2.429e+00 -5.442e+00) (9.856e-03 -7.092e-03 5.003e-02) (0.000e+00 0.000e+00 0.000e+00))
191        	((-9.109e+00 1.053e+01 -4.238e-01) (-2.390e-01 1.788e-02 2.820e-02) (0.000e+00 0.000e+00 0.000e+00)) ((-8.371e-01 -2.411e+00 -5.455e+00) (9.916e-03 -6.869e-03 4.988e-02) (0.000e+00 0.000e+00 0.000e+00))
192        	((-9.060e+00 1.049e+01 -3.880e-01) (-2.383e-01 1.788e-02 2.858e-02) (0.000e+00 0.000e+00 0.000e+00)) ((-8.302e-01 -2.388e+00 -5.452e+00) (9.965e-03 -6.643e-03 4.973e-02) (0.000e+00 0.000e+00 0.000e+00))
193        	((-9.016e+00 1.042e+01 -3.274e-01) (-2.376e-01 1.782e-02 2.901e-02) (0.000e+00 0.000e+00 0.000e+00)) ((-8.193e-01 -2.363e+00 -5.436e+00) (1.003e-02 -6.393e-03 4.962e-02) (0.000e+00 0.000e+00 0.000e+00))
194        	((-8.973e+00 1.032e+01 -2.458e-01) (-2.369e-01 1.775e-02 2.946e-02) (0.000e+00 0.000e+00 0.000e+00)) ((-8.047e-01 -2.334e+00 -5.403e+00) (1.009e-02 -6.143e-03 4.952e-02) (0.000e+00 0.000e+00 0.000e+00))
195        	((-8.929e+00 1.020e+01 -1.437e-01) (-2.363e-01 1.765e-02 2.990e-02) (0.000e+00 0.000e+00 0.000e+00)) ((-7.874e-01 -2.302e+00 -5.355e+00) (1.015e-02 -5.900e-03 4.945e-02) (0.000e+00 0.000e+00 0.000e+00))
196        	((-8.881e+00 1.006e+01 -3.274e-02) (-2.356e-01 1.755e-02 3.034e-02) (0.000e+00 0.000e+00 0.000e+00)) ((-7.695e-01 -2.268e+00 -5.297e+00) (1.020e-02 -5.678e-03 4.938e-02) (0.000e+00 0.000e+00 0.000e+00))
197        	((-8.824e+00 9.936e+00 8.159e-02) (-2.350e-01 1.740e-02 3.077e-02) (0.000e+00 0.000e+00 0.000e+00)) ((-7.528e-01 -2.231e+00 -5.230e+00) (1.024e-02 -5.457e-03 4.935e-02) (0.000e+00 0.000e+00 0.000e+00))
198        	((-8.758e+00 9.828e+00 1.853e-01) (-2.344e-01 1.724e-02 3.111e-02) (0.000e+00 0.000e+00 0.000e+00)) ((-7.390e-01 -2.194e+00 -5.165e+00) (1.025e-02 -5.286e-03 4.932e-02) (0.000e+00 0.000e+00 0.000e+00))
199        	((-8.682e+00 9.744e+00 2.723e-01) (-2.337e-01 1.702e-02 3.134e-02) (0.000e+00 0.000e+00 0.000e+00)) ((-7.289e-01 -2.158e+00 -5.104e+00) (1.025e-02 -5.169e-03 4.934e-02) (0.000e+00 0.000e+00 0.000e+00))
200        	((-8.600e+00 9.687e+00 3.372e-01) (-2.330e-01 1.677e-02 3.144e-02) (0.000e+00 0.000e+00 0.000e+00)) ((-7.226e-01 -2.125e+00 -5.054e+00) (1.021e-02 -5.135e-03 4.934e-02) (0.000e+00 0.000e+00 0.000e+00))
201        	((-8.514e+00 9.660e+00 3.765e-01) (-2.321e-01 1.651e-02 3.149e-02) (0.000e+00 0.000e+00 0.000e+00)) ((-7.200e-01 -2.096e+00 -5.018e+00) (1.017e-02 -5.115e-03 4.933e-02) (0.000e+00 0.000e+00 0.000e+00))
202        	((-8.425e+00 9.660e+00 3.901e-01) (-2.312e-01 1.627e-02 3.146e-02) (0.000e+00 0.000e+00 0.000e+00)) ((-7.204e-01 -2.072e+00 -4.997e+00) (1.012e-02 -5.127e-03 4.928e-02) (0.000e+00 0.000e+00 0.000e+00))
203        	((-8.337e+00 9.687e+00 3.803e-01) (-2.303e-01 1.604e-02 3.138e-02) (0.000e+00 0.000e+00 0.000e+00)) ((-7.234e-01 -2.053e+00 -4.989e+00) (1.008e-02 -5.164e-03 4.919e-02) (0.000e+00 0.000e+00 0.000e+00))
204        	((-8.255e+00 9.733e+00 3.522e-01) (-2.294e-01 1.586e-02 3.127e-02) (0.000e+00 0.000e+00 0.000e+00)) ((-7.276e-01 -2.038e+00 -4.992e+00) (1.004e-02 -5.206e-03 4.906e-02) (0.000e+00 0.000e+00 0.000e+00))
205        	((-8.185e+00 9.786e+00 3.142e-01) (-2.285e-01 1.571e-02 3.116e-02) (0.000e+00 0.000e+00 0.000e+00)) ((-7.321e-01 -2.028e+00 -5.001e+00) (1.001e-02 -5.229e-03 4.890e-02) (0.000e+00 0.000e+00 0.000e+00))
206        	((-8.131e+00 9.833e+00 2.745e-01) (-2.277e-01 1.559e-02 3.108e-02) (0.000e+00 0.000e+00 0.000e+00)) ((-7.356e-01 -2.022e+00 -5.013e+00) (9.980e-03 -5.238e-03 4.873e-02) (0.000e+00 0.000e+00 0.000e+00))
207        	((-8.096e+00 9.866e+00 2.404e-01) (-2.268e-01 1.549e-02 3.105e-02) (0.000e+00 0.000e+00 0.000e+00)) ((-7.374e-01 -2.019e+00 -5.026e+00) (9.969e-03 -5.201e-03 4.855e-02) (0.000e+00 0.000e+00 0.000e+00))
208        	((-8.081e+00 9.880e+00 2.160e-01) (-2.261e-01 1.540e-02 3.106e-02) (0.000e+00 0.000e+00 0.000e+00)) ((-7.370e-01 -2.019e+00 -5.039e+00) (9.961e-03 -5.134e-03 4.838e-02) (0.000e+00 0.000e+00 0.000e+00))
209        	((-8.083e+00 9.879e+00 2.037e-01) (-2.253e-01 1.529e-02 3.113e-02) (0.000e+00 0.000e+00 0.000e+00)) ((-7.345e-01 -2.023e+00 -5.053e+00) (9.969e-03 -5.023e-03 4.825e-02) (0.000e+00 0.000e+00 0.000e+00))
210        	((-8.098e+00 9.860e+00 2.043e-01) (-2.247e-01 1.517e-02 3.120e-02) (0.000e+00 0.000e+00 0.000e+00)) ((-7.296e-01 -2.029e+00 -5.069e+00) (9.977e-03 -4.930e-03 4.816e-02) (0.000e+00 0.000e+00 0.000e+00))
211        	((-8.119e+00 9.827e+00 2.168e-01) (-2.240e-01 1.504e-02 3.125e-02) (0.000e+00 0.000e+00 0.000e+00)) ((-7.228e-01 -2.037e+00 -5.086e+00) (9.986e-03 -4.865e-03 4.809e-02) (0.000e+00 0.000e+00 0.000e+00))
212        	((-8.141e+00 9.789e+00 2.376e-01) (-2.234e-01 1.491e-02 3.124e-02) (0.000e+00 0.000e+00 0.000e+00)) ((-7.149e-01 -2.044e+00 -5.104e+00) (9.988e-03 -4.850e-03 4.804e-02) (0.000e+00 0.000e+00 0.000e+00))
213        	((-8.158e+00 9.754e+00 2.621e-01) (-2.227e-01 1.477e-02 3.122e-02) (0.000e+00 0.000e+00 0.000e+00)) ((-7.067e-01 -2.050e+00 -5.125e+00) (9.994e-03 -4.849e-03 4.801e-02) (0.000e+00 0.000e+00 0.000e+00))
214        	((-8.168e+00 9.732e+00 2.833e-01) (-2.220e-01 1.464e-02 3.117e-02) (0.000e+00 0.000e+00 0.000e+00)) ((-6.994e-01 -2.057e+00 -5.146e+00) (9.999e-03 -4.893e-03 4.800e-02) (0.000e+00 0.000e+00 0.000e+00))
215        	((-8.169e+00 9.727e+00 2.983e-01) (-2.214e-01 1.449e-02 3.111e-02) (0.000e+00 0.000e+00 0.000e+00)) ((-6.937e-01 -2.061e+00 -5.168e+00) (1.002e-02 -4.957e-03 4.800e-02) (0.000e+00 0.000e+00 0.000e+00))
216        	((-8.160e+00 9.741e+00 3.033e-01) (-2.207e-01 1.433e-02 3.102e-02) (0.000e+00 0.000e+00 0.000e+00)) ((-6.903e-01 -2.063e+00 -5.190e+00) (1.003e-02 -5.054e-03 4.804e-02) (0.000e+00 0.000e+00 0.000e+00))
217        	((-8.142e+00 9.773e+00 2.970e-01) (-2.201e-01 1.415e-02 3.095e-02) (0.000e+00 0.000e+00 0.000e+00)) ((-6.896e-01 -2.064e+00 -5.210e+00) (1.007e-02 -5.142e-03 4.812e-02) (0.000e+00 0.000e+00 0.000e+00))
218        	((-8.116e+00 9.815e+00 2.796e-01) (-2.195e-01 1.395e-02 3.089e-02) (0.000e+00 0.000e+00 0.000e+00)) ((-6.911e-01 -2.062e+00 -5.225e+00) (1.010e-02 -5.226e-03 4.821e-02) (0.000e+00 0.000e+00 0.000e+00))
219        	((-8.084e+00 9.861e+00 2.524e-01) (-2.189e-01 1.372e-02 3.087e-02) (0.000e+00 0.000e+00 0.000e+00)) ((-6.946e-01 -2.058e+00 -5.233e+00) (1.015e-02 -5.277e-03 4.833e-02) (0.000e+00 0.000e+00 0.000e+00))
220        	((-8.048e+00 9.898e+00 2.198e-01) (-2.183e-01 1.350e-02 3.084e-02) (0.000e+00 0.000e+00 0.000e+00)) ((-6.990e-01 -2.052e+00 -5.235e+00) (1.019e-02 -5.333e-03 4.845e-02) (0.000e+00 0.000e+00 0.000e+00))
221        	((-8.008e+00 9.918e+00 1.869e-01) (-2.177e-01 1.328e-02 3.085e-02) (0.000e+00 0.000e+00 0.000e+00)) ((-7.034e-01 -2.044e+00 -5.229e+00) (1.024e-02 -5.340e-03 4.855e-02) (0.000e+00 0.000e+00 0.000e+00))
222        	((-7.964e+00 9.913e+00 1.576e-01) (-2.171e-01 1.311e-02 3.089e-02) (0.000e+00 0.000e+00 0.000e+00)) ((-7.069e-01 -2.033e+00 -5.216e+00) (1.028e-02 -5.313e-03 4.860e-02) (0.000e+00 0.000e+00 0.000e+00))
223        	((-7.916e+00 9.880e+00 1.357e-01) (-2.165e-01 1.297e-02 3.099e-02) (0.000e+00 0.000e+00 0.000e+00)) ((-7.087e-01 -2.020e+00 -5.198e+00) (1.034e-02 -5.230e-03 4.862e-02) (0.000e+00 0.000e+00 0.000e+00))
224        	((-7.867e+00 9.823e+00 1.224e-01) (-2.158e-01 1.286e-02 3.109e-02) (0.000e+00 0.000e+00 0.000e+00)) ((-7.086e-01 -2.006e+00 -5.176e+00) (1.039e-02 -5.113e-03 4.858e-02) (0.000e+00 0.000e+00 0.000e+00))
225        	((-7.820e+00 9.749e+00 1.164e-01) (-2.152e-01 1.278e-02 3.124e-02) (0.000e+00 0.000e+00 0.000e+00)) ((-7.070e-01 -1.993e+00 -5.154e+00) (1.045e-02 -4.947e-03 4.852e-02) (0.000e+00 0.000e+00 0.000e+00))
226        	((-7.777e+00 9.668e+00 1.157e-01) (-2.145e-01 1.273e-02 3.140e-02) (0.000e+00 0.000e+00 0.000e+00)) ((-7.043e-01 -1.980e+00 -5.133e+00) (1.050e-02 -4.744e-03 4.839e-02) (0.000e+00 0.000e+00 0.000e+00))
227        	((-7.739e+00 9.585e+00 1.194e-01) (-2.138e-01 1.269e-02 3.156e-02) (0.000e+00 0.000e+00 0.000e+00)) ((-7.011e-01 -1.968e+00 -5.113e+00) (1.055e-02 -4.529e-03 4.823e-02) (0.000e+00 0.000e+00 0.000e+00))
228        	((-7.708e+00 9.507e+00 1.272e-01) (-2.130e-01 1.271e-02 3.171e-02) (0.000e+00 0.000e+00 0.000e+00)) ((-6.977e-01 -1.956e+00 -5.095e+00) (1.059e-02 -4.301e-03 4.800e-02) (0.000e+00 0.000e+00 0.000e+00))
229        	((-7.682e+00 9.436e+00 1.391e-01) (-2.122e-01 1.274e-02 3.185e-02) (0.000e+00 0.000e+00 0.000e+00)) ((-6.944e-01 -1.945e+00 -5.079e+00) (1.063e-02 -4.062e-03 4.774e-02) (0.000e+00 0.000e+00 0.000e+00))
230        	((-7.662e+00 9.376e+00 1.555e-01) (-2.114e-01 1.283e-02 3.193e-02) (0.000e+00 0.000e+00 0.000e+00)) ((-6.911e-01 -1.934e+00 -5.065e+00) (1.064e-02 -3.850e-03 4.741e-02) (0.000e+00 0.000e+00 0.000e+00))
231        	((-7.648e+00 9.327e+00 1.756e-01) (-2.105e-01 1.289e-02 3.196e-02) (0.000e+00 0.000e+00 0.000e+00)) ((-6.883e-01 -1.922e+00 -5.056e+00) (1.066e-02 -3.661e-03 4.709e-02) (0.000e+00 0.000e+00 0.000e+00))
232        	((-7.637e+00 9.287e+00 1.984e-01) (-2.096e-01 1.299e-02 3.194e-02) (0.000e+00 0.000e+00 0.000e+00)) ((-6.859e-01 -1.910e+00 -5.049e+00) (1.065e-02 -3.507e-03 4.674e-02) (0.000e+00 0.000e+00 0.000e+00))
233        	((-7.629e+00 9.260e+00 2.222e-01) (-2.087e-01 1.307e-02 3.187e-02) (0.000e+00 0.000e+00 0.000e+00)) ((-6.842e-01 -1.899e+00 -5.046e+00) (1.066e-02 -3.380e-03 4.641e-02) (0.000e+00 0.000e+00 0.000e+00))
234        	((-7.626e+00 9.244e+00 2.450e-01) (-2.077e-01 1.319e-02 3.177e-02) (0.000e+00 0.000e+00 0.000e+00)) ((-6.834e-01 -1.888e+00 -5.048e+00) (1.064e-02 -3.282e-03 4.603e-02) (0.000e+00 0.000e+00 0.000e+00))
235        	((-7.629e+00 9.239e+00 2.659e-01) (-2.068e-01 1.332e-02 3.167e-02) (0.000e+00 0.000e+00 0.000e+00)) ((-6.837e-01 -1.880e+00 -5.055e+00) (1.064e-02 -3.174e-03 4.567e-02) (0.000e+00 0.000e+00 0.000e+00))
236        	((-7.638e+00 9.242e+00 2.840e-01) (-2.058e-01 1.350e-02 3.155e-02) (0.000e+00 0.000e+00 0.000e+00)) ((-6.850e-01 -1.875e+00 -5.066e+00) (1.061e-02 -3.094e-03 4.527e-02) (0.000e+00 0.000e+00 0.000e+00))
237        	((-7.655e+00 9.250e+00 2.990e-01) (-2.049e-01 1.369e-02 3.131e-02) (0.000e+00 0.000e+00 0.000e+00)) ((-6.873e-01 -1.873e+00 -5.080e+00) (1.056e-02 -3.077e-03 4.486e-02) (0.000e+00 0.000e+00 0.000e+00))
238        	((-7.674e+00 9.255e+00 3.126e-01) (-2.039e-01 1.390e-02 3.111e-02) (0.000e+00 0.000e+00 0.000e+00)) ((-6.896e-01 -1.871e+00 -5.092e+00) (1.052e-02 -3.045e-03 4.443e-02) (0.000e+00 0.000e+00 0.000e+00))
239        	((-7.695e+00 9.257e+00 3.233e-01) (-2.029e-01 1.407e-02 3.092e-02) (0.000e+00 0.000e+00 0.000e+00)) ((-6.927e-01 -1.871e+00 -5.101e+00) (1.048e-02 -3.007e-03 4.405e-02) (0.000e+00 0.000e+00 0.000e+00))
240        	((-7.714e+00 9.257e+00 3.317e-01) (-2.019e-01 1.425e-02 3.073e-02) (0.000e+00 0.000e+00 0.000e+00)) ((-6.960e-01 -1.871e+00 -5.106e+00) (1.044e-02 -2.982e-03 4.368e-02) (0.000e+00 0.000e+00 0.000e+00))
241        	((-7.724e+00 9.255e+00 3.366e-01) (-2.011e-01 1.442e-02 3.050e-02) (0.000e+00 0.000e+00 0.000e+00)) ((-6.987e-01 -1.868e+00 -5.103e+00) (1.039e-02 -3.000e-03 4.337e-02) (0.000e+00 0.000e+00 0.000e+00))
242        	((-7.719e+00 9.255e+00 3.357e-01) (-2.003e-01 1.459e-02 3.026e-02) (0.000e+00 0.000e+00 0.000e+00)) ((-7.007e-01 -1.859e+00 -5.090e+00) (1.032e-02 -3.049e-03 4.309e-02) (0.000e+00 0.000e+00 0.000e+00))
243        	((-7.697e+00 9.255e+00 3.300e-01) (-1.996e-01 1.469e-02 2.997e-02) (0.000e+00 0.000e+00 0.000e+00)) ((-7.013e-01 -1.845e+00 -5.067e+00) (1.024e-02 -3.161e-03 4.290e-02) (0.000e+00 0.000e+00 0.000e+00))
244        	((-7.660e+00 9.258e+00 3.187e-01) (-1.989e-01 1.478e-02 2.964e-02) (0.000e+00 0.000e+00 0.000e+00)) ((-7.005e-01 -1.827e+00 -5.037e+00) (1.014e-02 -3.319e-03 4.273e-02) (0.000e+00 0.000e+00 0.000e+00))
245        	((-7.614e+00 9.266e+00 3.027e-01) (-1.983e-01 1.481e-02 2.928e-02) (0.000e+00 0.000e+00 0.000e+00)) ((-6.992e-01 -1.807e+00 -5.004e+00) (1.005e-02 -3.498e-03 4.262e-02) (0.000e+00 0.000e+00 0.000e+00))
246        	((-7.566e+00 9.281e+00 2.835e-01) (-1.977e-01 1.487e-02 2.892e-02) (0.000e+00 0.000e+00 0.000e+00)) ((-6.982e-01 -1.788e+00 -4.972e+00) (9.942e-03 -3.701e-03 4.249e-02) (0.000e+00 0.000e+00 0.000e+00))
247        	((-7.523e+00 9.302e+00 2.647e-01) (-1.971e-01 1.493e-02 2.856e-02) (0.000e+00 0.000e+00 0.000e+00)) ((-6.981e-01 -1.772e+00 -4.942e+00) (9.837e-03 -3.895e-03 4.236e-02) (0.000e+00 0.000e+00 0.000e+00))
248        	((-7.486e+00 9.324e+00 2.497e-01) (-1.965e-01 1.501e-02 2.826e-02) (0.000e+00 0.000e+00 0.000e+00)) ((-6.990e-01 -1.758e+00 -4.917e+00) (9.732e-03 -4.066e-03 4.219e-02) (0.000e+00 0.000e+00 0.000e+00))
249        	((-7.459e+00 9.343e+00 2.409e-01) (-1.959e-01 1.509e-02 2.803e-02) (0.000e+00 0.000e+00 0.000e+00)) ((-7.000e-01 -1.748e+00 -4.891e+00) (9.648e-03 -4.187e-03 4.203e-02) (0.000e+00 0.000e+00 0.000e+00))
250        	((-7.441e+00 9.355e+00 2.391e-01) (-1.954e-01 1.521e-02 2.785e-02) (0.000e+00 0.000e+00 0.000e+00)) ((-7.006e-01 -1.739e+00 -4.866e+00) (9.563e-03 -4.295e-03 4.185e-02) (0.000e+00 0.000e+00 0.000e+00))
251        	((-7.432e+00 9.363e+00 2.432e-01) (-1.950e-01 1.532e-02 2.772e-02) (0.000e+00 0.000e+00 0.000e+00)) ((-7.008e-01 -1.733e+00 -4.840e+00) (9.495e-03 -4.373e-03 4.168e-02) (0.000e+00 0.000e+00 0.000e+00))
252        	((-7.431e+00 9.370e+00 2.514e-01) (-1.946e-01 1.546e-02 2.763e-02) (0.000e+00 0.000e+00 0.000e+00)) ((-7.010e-01 -1.731e+00 -4.819e+00) (9.426e-03 -4.437e-03 4.149e-02) (0.000e+00 0.000e+00 0.000e+00))
253        	((-7.437e+00 9.373e+00 2.611e-01) (-1.942e-01 1.556e-02 2.762e-02) (0.000e+00 0.000e+00 0.000e+00)) ((-7.009e-01 -1.731e+00 -4.798e+00) (9.384e-03 -4.449e-03 4.134e-02) (0.000e+00 0.000e+00 0.000e+00))
254        	((-7.450e+00 9.377e+00 2.707e-01) (-1.939e-01 1.566e-02 2.768e-02) (0.000e+00 0.000e+00 0.000e+00)) ((-7.007e-01 -1.735e+00 -4.781e+00) (9.356e-03 -4.419e-03 4.119e-02) (0.000e+00 0.000e+00 0.000e+00))
255        	((-7.469e+00 9.383e+00 2.801e-01) (-1.936e-01 1.572e-02 2.780e-02) (0.000e+00 0.000e+00 0.000e+00)) ((-7.006e-01 -1.742e+00 -4.769e+00) (9.354e-03 -4.345e-03 4.108e-02) (0.000e+00 0.000e+00 0.000e+00))
256        	((-7.493e+00 9.386e+00 2.900e-01) (-1.934e-01 1.577e-02 2.795e-02) (0.000e+00 0.000e+00 0.000e+00)) ((-6.996e-01 -1.753e+00 -4.762e+00) (9.353e-03 -4.265e-03 4.099e-02) (0.000e+00 0.000e+00 0.000e+00))
257        	((-7.522e+00 9.389e+00 3.024e-01) (-1.931e-01 1.575e-02 2.804e-02) (0.000e+00 0.000e+00 0.000e+00)) ((-6.980e-01 -1.768e+00 -4.763e+00) (9.358e-03 -4.193e-03 4.096e-02) (0.000e+00 0.000e+00 0.000e+00))
258        	((-7.553e+00 9.388e+00 3.167e-01) (-1.929e-01 1.572e-02 2.813e-02) (0.000e+00 0.000e+00 0.000e+00)) ((-6.955e-01 -1.786e+00 -4.770e+00) (9.355e-03 -4.128e-03 4.091e-02) (0.000e+00 0.000e+00 0.000e+00))
259        	((-7.588e+00 9.388e+00 3.333e-01) (-1.925e-01 1.563e-02 2.819e-02) (0.000e+00 0.000e+00 0.000e+00)) ((-6.925e-01 -1.807e+00 -4.787e+00) (9.367e-03 -4.058e-03 4.091e-02) (0.000e+00 0.000e+00 0.000e+00))
260        	((-7.623e+00 9.389e+00 3.517e-01) (-1.922e-01 1.554e-02 2.824e-02) (0.000e+00 0.000e+00 0.000e+00)) ((-6.894e-01 -1.830e+00 -4.812e+00) (9.371e-03 -4.011e-03 4.092e-02) (0.000e+00 0.000e+00 0.000e+00))
261        	((-7.658e+00 9.393e+00 3.699e-01) (-1.919e-01 1.538e-02 2.832e-02) (0.000e+00 0.000e+00 0.000e+00)) ((-6.864e-01 -1.856e+00 -4.846e+00) (9.401e-03 -3.949e-03 4.097e-02) (0.000e+00 0.000e+00 0.000e+00))
262        	((-7.692e+00 9.402e+00 3.853e-01) (-1.916e-01 1.527e-02 2.840e-02) (0.000e+00 0.000e+00 0.000e+00)) ((-6.839e-01 -1.882e+00 -4.887e+00) (9.421e-03 -3.901e-03 4.098e-02) (0.000e+00 0.000e+00 0.000e+00))
263        	((-7.722e+00 9.413e+00 3.961e-01) (-1.913e-01 1.513e-02 2.847e-02) (0.000e+00 0.000e+00 0.000e+00)) ((-6.819e-01 -1.909e+00 -4.933e+00) (9.446e-03 -3.863e-03 4.102e-02) (0.000e+00 0.000e+00 0.000e+00))
264        	((-7.748e+00 9.424e+00 4.018e-01) (-1.909e-01 1.502e-02 2.851e-02) (0.000e+00 0.000e+00 0.000e+00)) ((-6.802e-01 -1.935e+00 -4.981e+00) (9.453e-03 -3.853e-03 4.102e-02) (0.000e+00 0.000e+00 0.000e+00))
265        	((-7.765e+00 9.434e+00 4.019e-01) (-1.905e-01 1.489e-02 2.853e-02) (0.000e+00 0.000e+00 0.000e+00)) ((-6.787e-01 -1.957e+00 -5.029e+00) (9.462e-03 -3.855e-03 4.103e-02) (0.000e+00 0.000e+00 0.000e+00))
266        	((-7.772e+00 9.441e+00 3.967e-01) (-1.902e-01 1.477e-02 2.850e-02) (0.000e+00 0.000e+00 0.000e+00)) ((-6.770e-01 -1.974e+00 -5.073e+00) (9.452e-03 -3.906e-03 4.103e-02) (0.000e+00 0.000e+00 0.000e+00))
267        	((-7.768e+00 9.441e+00 3.865e-01) (-1.897e-01 1.462e-02 2.846e-02) (0.000e+00 0.000e+00 0.000e+00)) ((-6.749e-01 -1.985e+00 -5.111e+00) (9.448e-03 -3.968e-03 4.105e-02) (0.000e+00 0.000e+00 0.000e+00))
268        	((-7.755e+00 9.433e+00 3.733e-01) (-1.893e-01 1.449e-02 2.838e-02) (0.000e+00 0.000e+00 0.000e+00)) ((-6.722e-01 -1.989e+00 -5.140e+00) (9.426e-03 -4.072e-03 4.105e-02) (0.000e+00 0.000e+00 0.000e+00))
269        	((-7.738e+00 9.415e+00 3.595e-01) (-1.889e-01 1.431e-02 2.828e-02) (0.000e+00 0.000e+00 0.000e+00)) ((-6.686e-01 -1.989e+00 -5.160e+00) (9.416e-03 -4.183e-03 4.108e-02) (0.000e+00 0.000e+00 0.000e+00))
270        	((-7.720e+00 9.390e+00 3.465e-01) (-1.885e-01 1.416e-02 2.816e-02) (0.000e+00 0.000e+00 0.000e+00)) ((-6.645e-01 -1.986e+00 -5.172e+00) (9.389e-03 -4.335e-03 4.109e-02) (0.000e+00 0.000e+00 0.000e+00))
271        	((-7.707e+00 9.360e+00 3.368e-01) (-1.880e-01 1.400e-02 2.804e-02) (0.000e+00 0.000e+00 0.000e+00)) ((-6.598e-01 -1.981e+00 -5.178e+00) (9.369e-03 -4.486e-03 4.110e-02) (0.000e+00 0.000e+00 0.000e+00))
272        	((-7.702e+00 9.330e+00 3.319e-01) (-1.875e-01 1.386e-02 2.790e-02) (0.000e+00 0.000e+00 0.000e+00)) ((-6.549e-01 -1.978e+00 -5.181e+00) (9.336e-03 -4.670e-03 4.107e-02) (0.000e+00 0.000e+00 0.000e+00))
273        	((-7.708e+00 9.304e+00 3.330e-01) (-1.869e-01 1.370e-02 2.776e-02) (0.000e+00 0.000e+00 0.000e+00)) ((-6.500e-01 -1.977e+00 -5.185e+00) (9.316e-03 -4.843e-03 4.105e-02) (0.000e+00 0.000e+00 0.000e+00))
274        	((-7.725e+00 9.285e+00 3.386e-01) (-1.863e-01 1.357e-02 2.762e-02) (0.000e+00 0.000e+00 0.000e+00)) ((-6.456e-01 -1.980e+00 -5.191e+00) (9.286e-03 -5.029e-03 4.099e-02) (0.000e+00 0.000e+00 0.000e+00))
275        	((-7.752e+00 9.284e+00 3.450e-01) (-1.857e-01 1.343e-02 2.749e-02) (0.000e+00 0.000e+00 0.000e+00)) ((-6.426e-01 -1.986e+00 -5.201e+00) (9.266e-03 -5.210e-03 4.093e-02) (0.000e+00 0.000e+00 0.000e+00))
276        	((-7.785e+00 9.302e+00 3.491e-01) (-1.851e-01 1.333e-02 2.735e-02) (0.000e+00 0.000e+00 0.000e+00)) ((-6.417e-01 -1.996e+00 -5.218e+00) (9.237e-03 -5.406e-03 4.083e-02) (0.000e+00 0.000e+00 0.000e+00))
277        	((-7.823e+00 9.338e+00 3.482e-01) (-1.844e-01 1.322e-02 2.722e-02) (0.000e+00 0.000e+00 0.000e+00)) ((-6.429e-01 -2.008e+00 -5.239e+00) (9.222e-03 -5.589e-03 4.073e-02) (0.000e+00 0.000e+00 0.000e+00))
278        	((-7.860e+00 9.391e+00 3.405e-01) (-1.837e-01 1.319e-02 2.709e-02) (0.000e+00 0.000e+00 0.000e+00)) ((-6.465e-01 -2.021e+00 -5.263e+00) (9.197e-03 -5.779e-03 4.056e-02) (0.000e+00 0.000e+00 0.000e+00))
279        	((-7.892e+00 9.455e+00 3.258e-01) (-1.830e-01 1.317e-02 2.697e-02) (0.000e+00 0.000e+00 0.000e+00)) ((-6.521e-01 -2.033e+00 -5.290e+00) (9.186e-03 -5.947e-03 4.038e-02) (0.000e+00 0.000e+00 0.000e+00))
280        	((-7.917e+00 9.524e+00 3.066e-01) (-1.823e-01 1.322e-02 2.686e-02) (0.000e+00 0.000e+00 0.000e+00)) ((-6.591e-01 -2.041e+00 -5.316e+00) (9.164e-03 -6.114e-03 4.014e-02) (0.000e+00 0.000e+00 0.000e+00))
281        	((-7.933e+00 9.590e+00 2.864e-01) (-1.817e-01 1.331e-02 2.674e-02) (0.000e+00 0.000e+00 0.000e+00)) ((-6.667e-01 -2.046e+00 -5.341e+00) (9.149e-03 -6.274e-03 3.987e-02) (0.000e+00 0.000e+00 0.000e+00))
282        	((-7.939e+00 9.645e+00 2.685e-01) (-1.810e-01 1.347e-02 2.660e-02) (0.000e+00 0.000e+00 0.000e+00)) ((-6.737e-01 -2.047e+00 -5.362e+00) (9.119e-03 -6.445e-03 3.953e-02) (0.000e+00 0.000e+00 0.000e+00))
283        	((-7.936e+00 9.685e+00 2.541e-01) (-1.803e-01 1.363e-02 2.647e-02) (0.000e+00 0.000e+00 0.000e+00)) ((-6.795e-01 -2.043e+00 -5.379e+00) (9.093e-03 -6.606e-03 3.919e-02) (0.000e+00 0.000e+00 0.000e+00))
284        	((-7.925e+00 9.707e+00 2.432e-01) (-1.797e-01 1.389e-02 2.631e-02) (0.000e+00 0.000e+00 0.000e+00)) ((-6.839e-01 -2.036e+00 -5.390e+00) (9.042e-03 -6.785e-03 3.879e-02) (0.000e+00 0.000e+00 0.000e+00))
285        	((-7.909e+00 9.715e+00 2.327e-01) (-1.792e-01 1.416e-02 2.616e-02) (0.000e+00 0.000e+00 0.000e+00)) ((-6.872e-01 -2.026e+00 -5.396e+00) (8.986e-03 -6.950e-03 3.836e-02) (0.000e+00 0.000e+00 0.000e+00))
286        	((-7.893e+00 9.709e+00 2.217e-01) (-1.787e-01 1.451e-02 2.601e-02) (0.000e+00 0.000e+00 0.000e+00)) ((-6.896e-01 -2.016e+00 -5.395e+00) (8.914e-03 -7.115e-03 3.790e-02) (0.000e+00 0.000e+00 0.000e+00))
287        	((-7.880e+00 9.690e+00 2.102e-01) (-1.782e-01 1.483e-02 2.588e-02) (0.000e+00 0.000e+00 0.000e+00)) ((-6.909e-01 -2.007e+00 -5.386e+00) (8.852e-03 -7.249e-03 3.747e-02) (0.000e+00 0.000e+00 0.000e+00))
288        	((-7.874e+00 9.656e+00 2.005e-01) (-1.778e-01 1.517e-02 2.577e-02) (0.000e+00 0.000e+00 0.000e+00)) ((-6.907e-01 -1.998e+00 -5.369e+00) (8.788e-03 -7.375e-03 3.706e-02) (0.000e+00 0.000e+00 0.000e+00))
289        	((-7.874e+00 9.609e+00 1.948e-01) (-1.775e-01 1.544e-02 2.570e-02) (0.000e+00 0.000e+00 0.000e+00)) ((-6.891e-01 -1.991e+00 -5.343e+00) (8.747e-03 -7.455e-03 3.671e-02) (0.000e+00 0.000e+00 0.000e+00))
290        	((-7.880e+00 9.548e+00 1.963e-01) (-1.772e-01 1.569e-02 2.564e-02) (0.000e+00 0.000e+00 0.000e+00)) ((-6.857e-01 -1.984e+00 -5.309e+00) (8.709e-03 -7.526e-03 3.642e-02) (0.000e+00 0.000e+00 0.000e+00))
291        	((-7.886e+00 9.476e+00 2.066e-01) (-1.770e-01 1.584e-02 2.560e-02) (0.000e+00 0.000e+00 0.000e+00)) ((-6.805e-01 -1.977e+00 -5.268e+00) (8.695e-03 -7.570e-03 3.622e-02) (0.000e+00 0.000e+00 0.000e+00))
292        	((-7.890e+00 9.395e+00 2.259e-01) (-1.768e-01 1.597e-02 2.559e-02) (0.000e+00 0.000e+00 0.000e+00)) ((-6.737e-01 -1.968e+00 -5.222e+00) (8.675e-03 -7.598e-03 3.608e-02) (0.000e+00 0.000e+00 0.000e+00))
293        	((-7.886e+00 9.313e+00 2.512e-01) (-1.766e-01 1.601e-02 2.558e-02) (0.000e+00 0.000e+00 0.000e+00)) ((-6.658e-01 -1.958e+00 -5.175e+00) (8.669e-03 -7.588e-03 3.600e-02) (0.000e+00 0.000e+00 0.000e+00))
294        	((-7.873e+00 9.238e+00 2.789e-01) (-1.764e-01 1.609e-02 2.554e-02) (0.000e+00 0.000e+00 0.000e+00)) ((-6.577e-01 -1.948e+00 -5.132e+00) (8.632e-03 -7.612e-03 3.591e-02) (0.000e+00 0.000e+00 0.000e+00))
295        	((-7.853e+00 9.178e+00 3.053e-01) (-1.761e-01 1.609e-02 2.546e-02) (0.000e+00 0.000e+00 0.000e+00)) ((-6.501e-01 -1.937e+00 -5.097e+00) (8.601e-03 -7.622e-03 3.584e-02) (0.000e+00 0.000e+00 0.000e+00))
296        	((-7.825e+00 9.136e+00 3.291e-01) (-1.759e-01 1.613e-02 2.533e-02) (0.000e+00 0.000e+00 0.000e+00)) ((-6.437e-01 -1.926e+00 -5.075e+00) (8.539e-03 -7.701e-03 3.576e-02) (0.000e+00 0.000e+00 0.000e+00))
297        	((-7.794e+00 9.115e+00 3.464e-01) (-1.756e-01 1.612e-02 2.523e-02) (0.000e+00 0.000e+00 0.000e+00)) ((-6.390e-01 -1.916e+00 -5.067e+00) (8.498e-03 -7.746e-03 3.569e-02) (0.000e+00 0.000e+00 0.000e+00))
298        	((-7.763e+00 9.115e+00 3.567e-01) (-1.754e-01 1.614e-02 2.520e-02) (0.000e+00 0.000e+00 0.000e+00)) ((-6.361e-01 -1.909e+00 -5.074e+00) (8.470e-03 -7.744e-03 3.562e-02) (0.000e+00 0.000e+00 0.000e+00))
299        	((-7.739e+00 9.136e+00 3.576e-01) (-1.751e-01 1.611e-02 2.526e-02) (0.000e+00 0.000e+00 0.000e+00)) ((-6.351e-01 -1.907e+00 -5.096e+00) (8.481e-03 -7.658e-03 3.557e-02) (0.000e+00 0.000e+00 0.000e+00))
300        	((-7.730e+00 9.177e+00 3.488e-01) (-1.748e-01 1.612e-02 2.539e-02) (0.000e+00 0.000e+00 0.000e+00)) ((-6.362e-01 -1.910e+00 -5.132e+00) (8.498e-03 -7.534e-03 3.551e-02) (0.000e+00 0.000e+00 0.000e+00))
301        	((-7.740e+00 9.231e+00 3.314e-01) (-1.746e-01 1.608e-02 2.558e-02) (0.000e+00 0.000e+00 0.000e+00)) ((-6.393e-01 -1.921e+00 -5.176e+00) (8.546e-03 -7.353e-03 3.547e-02) (0.000e+00 0.000e+00 0.000e+00))
302        	((-7.773e+00 9.294e+00 3.071e-01) (-1.744e-01 1.609e-02 2.579e-02) (0.000e+00 0.000e+00 0.000e+00)) ((-6.443e-01 -1.939e+00 -5.225e+00) (8.585e-03 -7.189e-03 3.542e-02) (0.000e+00 0.000e+00 0.000e+00))
303        	((-7.830e+00 9.361e+00 2.775e-01) (-1.741e-01 1.605e-02 2.602e-02) (0.000e+00 0.000e+00 0.000e+00)) ((-6.512e-01 -1.965e+00 -5.275e+00) (8.643e-03 -7.008e-03 3.541e-02) (0.000e+00 0.000e+00 0.000e+00))
304        	((-7.911e+00 9.427e+00 2.454e-01) (-1.740e-01 1.604e-02 2.622e-02) (0.000e+00 0.000e+00 0.000e+00)) ((-6.601e-01 -1.997e+00 -5.320e+00) (8.684e-03 -6.873e-03 3.541e-02) (0.000e+00 0.000e+00 0.000e+00))
305        	((-8.008e+00 9.487e+00 2.133e-01) (-1.739e-01 1.597e-02 2.641e-02) (0.000e+00 0.000e+00 0.000e+00)) ((-6.705e-01 -2.033e+00 -5.357e+00) (8.733e-03 -6.763e-03 3.546e-02) (0.000e+00 0.000e+00 0.000e+00))
306        	((-8.108e+00 9.539e+00 1.856e-01) (-1.738e-01 1.592e-02 2.653e-02) (0.000e+00 0.000e+00 0.000e+00)) ((-6.811e-01 -2.069e+00 -5.383e+00) (8.761e-03 -6.714e-03 3.553e-02) (0.000e+00 0.000e+00 0.000e+00))
307        	((-8.199e+00 9.580e+00 1.641e-01) (-1.738e-01 1.581e-02 2.663e-02) (0.000e+00 0.000e+00 0.000e+00)) ((-6.910e-01 -2.100e+00 -5.400e+00) (8.796e-03 -6.684e-03 3.565e-02) (0.000e+00 0.000e+00 0.000e+00))
308        	((-8.271e+00 9.615e+00 1.488e-01) (-1.737e-01 1.574e-02 2.668e-02) (0.000e+00 0.000e+00 0.000e+00)) ((-6.999e-01 -2.125e+00 -5.409e+00) (8.812e-03 -6.704e-03 3.576e-02) (0.000e+00 0.000e+00 0.000e+00))
309        	((-8.324e+00 9.647e+00 1.382e-01) (-1.737e-01 1.563e-02 2.670e-02) (0.000e+00 0.000e+00 0.000e+00)) ((-7.076e-01 -2.143e+00 -5.413e+00) (8.836e-03 -6.732e-03 3.588e-02) (0.000e+00 0.000e+00 0.000e+00))
310        	((-8.357e+00 9.675e+00 1.324e-01) (-1.737e-01 1.557e-02 2.667e-02) (0.000e+00 0.000e+00 0.000e+00)) ((-7.143e-01 -2.155e+00 -5.413e+00) (8.842e-03 -6.803e-03 3.598e-02) (0.000e+00 0.000e+00 0.000e+00))
311        	((-8.372e+00 9.698e+00 1.309e-01) (-1.737e-01 1.549e-02 2.665e-02) (0.000e+00 0.000e+00 0.000e+00)) ((-7.199e-01 -2.161e+00 -5.410e+00) (8.861e-03 -6.854e-03 3.608e-02) (0.000e+00 0.000e+00 0.000e+00))
312        	((-8.371e+00 9.713e+00 1.332e-01) (-1.736e-01 1.545e-02 2.662e-02) (0.000e+00 0.000e+00 0.000e+00)) ((-7.245e-01 -2.161e+00 -5.401e+00) (8.866e-03 -6.925e-03 3.614e-02) (0.000e+00 0.000e+00 0.000e+00))
313        	((-8.358e+00 9.722e+00 1.373e-01) (-1.735e-01 1.540e-02 2.658e-02) (0.000e+00 0.000e+00 0.000e+00)) ((-7.280e-01 -2.156e+00 -5.389e+00) (8.877e-03 -6.982e-03 3.618e-02) (0.000e+00 0.000e+00 0.000e+00))
314        	((-8.339e+00 9.726e+00 1.419e-01) (-1.735e-01 1.539e-02 2.653e-02) (0.000e+00 0.000e+00 0.000e+00)) ((-7.307e-01 -2.148e+00 -5.374e+00) (8.873e-03 -7.060e-03 3.621e-02) (0.000e+00 0.000e+00 0.000e+00))
315        	((-8.319e+00 9.725e+00 1.452e-01) (-1.734e-01 1.534e-02 2.651e-02) (0.000e+00 0.000e+00 0.000e+00)) ((-7.327e-01 -2.140e+00 -5.358e+00) (8.882e-03 -7.107e-03 3.624e-02) (0.000e+00 0.000e+00 0.000e+00))
316        	((-8.304e+00 9.721e+00 1.467e-01) (-1.734e-01 1.532e-02 2.647e-02) (0.000e+00 0.000e+00 0.000e+00)) ((-7.341e-01 -2.131e+00 -5.341e+00) (8.878e-03 -7.172e-03 3.628e-02) (0.000e+00 0.000e+00 0.000e+00))
317        	((-8.294e+00 9.714e+00 1.460e-01) (-1.733e-01 1.526e-02 2.644e-02) (0.000e+00 0.000e+00 0.000e+00)) ((-7.349e-01 -2.124e+00 -5.325e+00) (8.881e-03 -7.225e-03 3.634e-02) (0.000e+00 0.000e+00 0.000e+00))
318        	((-8.290e+00 9.706e+00 1.436e-01) (-1.734e-01 1.522e-02 2.640e-02) (0.000e+00 0.000e+00 0.000e+00)) ((-7.350e-01 -2.118e+00 -5.309e+00) (8.872e-03 -7.293e-03 3.641e-02) (0.000e+00 0.000e+00 0.000e+00))
319        	((-8.293e+00 9.695e+00 1.400e-01) (-1.734e-01 1.514e-02 2.637e-02) (0.000e+00 0.000e+00 0.000e+00)) ((-7.344e-01 -2.114e+00 -5.295e+00) (8.866e-03 -7.356e-03 3.650e-02) (0.000e+00 0.000e+00 0.000e+00))
320        	((-8.301e+00 9.684e+00 1.358e-01) (-1.734e-01 1.510e-02 2.632e-02) (0.000e+00 0.000e+00 0.000e+00)) ((-7.333e-01 -2.111e+00 -5.282e+00) (8.851e-03 -7.439e-03 3.657e-02) (0.000e+00 0.000e+00 0.000e+00))
321        	((-8.317e+00 9.674e+00 1.314e-01) (-1.735e-01 1.504e-02 2.630e-02) (0.000e+00 0.000e+00 0.000e+00)) ((-7.320e-01 -2.111e+00 -5.272e+00) (8.847e-03 -7.508e-03 3.664e-02) (0.000e+00 0.000e+00 0.000e+00))
322        	((-8.341e+00 9.669e+00 1.266e-01) (-1.735e-01 1.500e-02 2.627e-02) (0.000e+00 0.000e+00 0.000e+00)) ((-7.312e-01 -2.112e+00 -5.265e+00) (8.841e-03 -7.587e-03 3.672e-02) (0.000e+00 0.000e+00 0.000e+00))
323        	((-8.371e+00 9.669e+00 1.222e-01) (-1.736e-01 1.494e-02 2.627e-02) (0.000e+00 0.000e+00 0.000e+00)) ((-7.311e-01 -2.117e+00 -5.262e+00) (8.845e-03 -7.643e-03 3.679e-02) (0.000e+00 0.000e+00 0.000e+00))
324        	((-8.407e+00 9.672e+00 1.191e-01) (-1.737e-01 1.492e-02 2.627e-02) (0.000e+00 0.000e+00 0.000e+00)) ((-7.321e-01 -2.124e+00 -5.261e+00) (8.842e-03 -7.696e-03 3.684e-02) (0.000e+00 0.000e+00 0.000e+00))
325        	((-8.447e+00 9.677e+00 1.175e-01) (-1.738e-01 1.488e-02 2.627e-02) (0.000e+00 0.000e+00 0.000e+00)) ((-7.342e-01 -2.132e+00 -5.264e+00) (8.842e-03 -7.747e-03 3.690e-02) (0.000e+00 0.000e+00 0.000e+00))
326        	((-8.484e+00 9.680e+00 1.181e-01) (-1.738e-01 1.486e-02 2.622e-02) (0.000e+00 0.000e+00 0.000e+00)) ((-7.372e-01 -2.142e+00 -5.267e+00) (8.821e-03 -7.824e-03 3.694e-02) (0.000e+00 0.000e+00 0.000e+00))
327        	((-8.515e+00 9.679e+00 1.217e-01) (-1.738e-01 1.481e-02 2.619e-02) (0.000e+00 0.000e+00 0.000e+00)) ((-7.405e-01 -2.149e+00 -5.269e+00) (8.813e-03 -7.882e-03 3.699e-02) (0.000e+00 0.000e+00 0.000e+00))
328        	((-8.533e+00 9.668e+00 1.289e-01) (-1.739e-01 1.475e-02 2.616e-02) (0.000e+00 0.000e+00 0.000e+00)) ((-7.436e-01 -2.154e+00 -5.266e+00) (8.802e-03 -7.956e-03 3.707e-02) (0.000e+00 0.000e+00 0.000e+00))
329        	((-8.534e+00 9.646e+00 1.408e-01) (-1.740e-01 1.466e-02 2.614e-02) (0.000e+00 0.000e+00 0.000e+00)) ((-7.459e-01 -2.153e+00 -5.255e+00) (8.796e-03 -8.024e-03 3.717e-02) (0.000e+00 0.000e+00 0.000e+00))
330        	((-8.516e+00 9.611e+00 1.587e-01) (-1.741e-01 1.457e-02 2.610e-02) (0.000e+00 0.000e+00 0.000e+00)) ((-7.466e-01 -2.146e+00 -5.235e+00) (8.778e-03 -8.116e-03 3.728e-02) (0.000e+00 0.000e+00 0.000e+00))
331        	((-8.473e+00 9.562e+00 1.833e-01) (-1.742e-01 1.444e-02 2.609e-02) (0.000e+00 0.000e+00 0.000e+00)) ((-7.455e-01 -2.130e+00 -5.204e+00) (8.773e-03 -8.179e-03 3.743e-02) (0.000e+00 0.000e+00 0.000e+00))
332        	((-8.409e+00 9.500e+00 2.139e-01) (-1.742e-01 1.430e-02 2.609e-02) (0.000e+00 0.000e+00 0.000e+00)) ((-7.424e-01 -2.105e+00 -5.163e+00) (8.762e-03 -8.238e-03 3.758e-02) (0.000e+00 0.000e+00 0.000e+00))
333        	((-8.330e+00 9.428e+00 2.486e-01) (-1.742e-01 1.413e-02 2.611e-02) (0.000e+00 0.000e+00 0.000e+00)) ((-7.376e-01 -2.076e+00 -5.117e+00) (8.760e-03 -8.264e-03 3.773e-02) (0.000e+00 0.000e+00 0.000e+00))
334        	((-8.246e+00 9.353e+00 2.836e-01) (-1.741e-01 1.397e-02 2.613e-02) (0.000e+00 0.000e+00 0.000e+00)) ((-7.314e-01 -2.044e+00 -5.071e+00) (8.753e-03 -8.297e-03 3.787e-02) (0.000e+00 0.000e+00 0.000e+00))
335        	((-8.165e+00 9.282e+00 3.150e-01) (-1.739e-01 1.379e-02 2.618e-02) (0.000e+00 0.000e+00 0.000e+00)) ((-7.248e-01 -2.014e+00 -5.030e+00) (8.759e-03 -8.295e-03 3.798e-02) (0.000e+00 0.000e+00 0.000e+00))
336        	((-8.091e+00 9.218e+00 3.414e-01) (-1.738e-01 1.363e-02 2.625e-02) (0.000e+00 0.000e+00 0.000e+00)) ((-7.182e-01 -1.987e+00 -4.996e+00) (8.767e-03 -8.294e-03 3.807e-02) (0.000e+00 0.000e+00 0.000e+00))
337        	((-8.027e+00 9.166e+00 3.612e-01) (-1.736e-01 1.346e-02 2.639e-02) (0.000e+00 0.000e+00 0.000e+00)) ((-7.119e-01 -1.964e+00 -4.970e+00) (8.801e-03 -8.248e-03 3.816e-02) (0.000e+00 0.000e+00 0.000e+00))
338        	((-7.975e+00 9.128e+00 3.742e-01) (-1.734e-01 1.332e-02 2.647e-02) (0.000e+00 0.000e+00 0.000e+00)) ((-7.063e-01 -1.946e+00 -4.951e+00) (8.819e-03 -8.229e-03 3.821e-02) (0.000e+00 0.000e+00 0.000e+00))
339        	((-7.937e+00 9.101e+00 3.804e-01) (-1.731e-01 1.320e-02 2.649e-02) (0.000e+00 0.000e+00 0.000e+00)) ((-7.015e-01 -1.932e+00 -4.940e+00) (8.824e-03 -8.220e-03 3.821e-02) (0.000e+00 0.000e+00 0.000e+00))
340        	((-7.914e+00 9.086e+00 3.798e-01) (-1.729e-01 1.308e-02 2.651e-02) (0.000e+00 0.000e+00 0.000e+00)) ((-6.978e-01 -1.924e+00 -4.934e+00) (8.838e-03 -8.230e-03 3.822e-02) (0.000e+00 0.000e+00 0.000e+00))
341        	((-7.907e+00 9.079e+00 3.730e-01) (-1.727e-01 1.297e-02 2.654e-02) (0.000e+00 0.000e+00 0.000e+00)) ((-6.951e-01 -1.921e+00 -4.932e+00) (8.866e-03 -8.231e-03 3.821e-02) (0.000e+00 0.000e+00 0.000e+00))
342        	((-7.915e+00 9.080e+00 3.610e-01) (-1.725e-01 1.288e-02 2.654e-02) (0.000e+00 0.000e+00 0.000e+00)) ((-6.932e-01 -1.923e+00 -4.934e+00) (8.888e-03 -8.267e-03 3.820e-02) (0.000e+00 0.000e+00 0.000e+00))
343        	((-7.936e+00 9.085e+00 3.447e-01) (-1.722e-01 1.280e-02 2.646e-02) (0.000e+00 0.000e+00 0.000e+00)) ((-6.918e-01 -1.929e+00 -4.938e+00) (8.896e-03 -8.348e-03 3.820e-02) (0.000e+00 0.000e+00 0.000e+00))
344        	((-7.968e+00 9.095e+00 3.246e-01) (-1.720e-01 1.275e-02 2.627e-02) (0.000e+00 0.000e+00 0.000e+00)) ((-6.908e-01 -1.940e+00 -4.945e+00) (8.873e-03 -8.487e-03 3.815e-02) (0.000e+00 0.000e+00 0.000e+00))
345        	((-8.005e+00 9.109e+00 3.004e-01) (-1.717e-01 1.269e-02 2.608e-02) (0.000e+00 0.000e+00 0.000e+00)) ((-6.904e-01 -1.954e+00 -4.954e+00) (8.856e-03 -8.624e-03 3.812e-02) (0.000e+00 0.000e+00 0.000e+00))
346        	((-8.044e+00 9.130e+00 2.726e-01) (-1.715e-01 1.267e-02 2.586e-02) (0.000e+00 0.000e+00 0.000e+00)) ((-6.909e-01 -1.969e+00 -4.966e+00) (8.824e-03 -8.782e-03 3.806e-02) (0.000e+00 0.000e+00 0.000e+00))
347        	((-8.079e+00 9.158e+00 2.417e-01) (-1.712e-01 1.260e-02 2.567e-02) (0.000e+00 0.000e+00 0.000e+00)) ((-6.922e-01 -1.983e+00 -4.982e+00) (8.809e-03 -8.914e-03 3.802e-02) (0.000e+00 0.000e+00 0.000e+00))
348        	((-8.105e+00 9.194e+00 2.091e-01) (-1.709e-01 1.259e-02 2.549e-02) (0.000e+00 0.000e+00 0.000e+00)) ((-6.944e-01 -1.996e+00 -5.000e+00) (8.784e-03 -9.048e-03 3.794e-02) (0.000e+00 0.000e+00 0.000e+00))
349        	((-8.119e+00 9.235e+00 1.761e-01) (-1.706e-01 1.258e-02 2.532e-02) (0.000e+00 0.000e+00 0.000e+00)) ((-6.974e-01 -2.005e+00 -5.020e+00) (8.764e-03 -9.156e-03 3.786e-02) (0.000e+00 0.000e+00 0.000e+00))
350        	((-8.121e+00 9.281e+00 1.449e-01) (-1.704e-01 1.264e-02 2.516e-02) (0.000e+00 0.000e+00 0.000e+00)) ((-7.008e-01 -2.012e+00 -5.040e+00) (8.727e-03 -9.261e-03 3.773e-02) (0.000e+00 0.000e+00 0.000e+00))
351        	((-8.113e+00 9.328e+00 1.177e-01) (-1.701e-01 1.273e-02 2.501e-02) (0.000e+00 0.000e+00 0.000e+00)) ((-7.044e-01 -2.016e+00 -5.059e+00) (8.690e-03 -9.332e-03 3.756e-02) (0.000e+00 0.000e+00 0.000e+00))
352        	((-8.094e+00 9.372e+00 9.766e-02) (-1.698e-01 1.287e-02 2.485e-02) (0.000e+00 0.000e+00 0.000e+00)) ((-7.075e-01 -2.018e+00 -5.078e+00) (8.636e-03 -9.421e-03 3.735e-02) (0.000e+00 0.000e+00 0.000e+00))
353        	((-8.066e+00 9.409e+00 8.722e-02) (-1.695e-01 1.302e-02 2.470e-02) (0.000e+00 0.000e+00 0.000e+00)) ((-7.097e-01 -2.015e+00 -5.093e+00) (8.587e-03 -9.497e-03 3.713e-02) (0.000e+00 0.000e+00 0.000e+00))
354        	((-8.030e+00 9.439e+00 8.671e-02) (-1.693e-01 1.321e-02 2.451e-02) (0.000e+00 0.000e+00 0.000e+00)) ((-7.108e-01 -2.010e+00 -5.106e+00) (8.520e-03 -9.612e-03 3.690e-02) (0.000e+00 0.000e+00 0.000e+00))
355        	((-7.989e+00 9.459e+00 9.528e-02) (-1.690e-01 1.339e-02 2.435e-02) (0.000e+00 0.000e+00 0.000e+00)) ((-7.109e-01 -2.002e+00 -5.115e+00) (8.467e-03 -9.710e-03 3.667e-02) (0.000e+00 0.000e+00 0.000e+00))
356        	((-7.945e+00 9.471e+00 1.114e-01) (-1.689e-01 1.359e-02 2.416e-02) (0.000e+00 0.000e+00 0.000e+00)) ((-7.102e-01 -1.991e+00 -5.122e+00) (8.407e-03 -9.834e-03 3.645e-02) (0.000e+00 0.000e+00 0.000e+00))
357        	((-7.902e+00 9.476e+00 1.324e-01) (-1.687e-01 1.377e-02 2.400e-02) (0.000e+00 0.000e+00 0.000e+00)) ((-7.090e-01 -1.978e+00 -5.125e+00) (8.363e-03 -9.932e-03 3.625e-02) (0.000e+00 0.000e+00 0.000e+00))
358        	((-7.864e+00 9.474e+00 1.556e-01) (-1.686e-01 1.396e-02 2.384e-02) (0.000e+00 0.000e+00 0.000e+00)) ((-7.076e-01 -1.966e+00 -5.126e+00) (8.312e-03 -1.004e-02 3.606e-02) (0.000e+00 0.000e+00 0.000e+00))
359        	((-7.833e+00 9.468e+00 1.775e-01) (-1.685e-01 1.414e-02 2.371e-02) (0.000e+00 0.000e+00 0.000e+00)) ((-7.063e-01 -1.955e+00 -5.125e+00) (8.278e-03 -1.011e-02 3.588e-02) (0.000e+00 0.000e+00 0.000e+00))
360        	((-7.816e+00 9.463e+00 1.958e-01) (-1.684e-01 1.431e-02 2.358e-02) (0.000e+00 0.000e+00 0.000e+00)) ((-7.056e-01 -1.946e+00 -5.124e+00) (8.245e-03 -1.019e-02 3.572e-02) (0.000e+00 0.000e+00 0.000e+00))
