# Forces   
# CofR     : (0.000e+00 0.000e+00 0.000e+00)
# Time     forces(pressure viscous porous)	moments(pressure viscous porous)
1          	((-3.524e+02 -5.740e+01 -3.705e+02) (-3.598e-01 -3.476e-03 6.355e-02) (0.000e+00 0.000e+00 0.000e+00)) ((-6.756e+01 -9.014e+02 1.823e+02) (1.619e-02 -1.316e-01 1.114e-01) (0.000e+00 0.000e+00 0.000e+00))
2          	((-1.368e+02 -1.813e+01 -1.792e+02) (-2.794e-01 -2.418e-03 9.891e-02) (0.000e+00 0.000e+00 0.000e+00)) ((-3.860e+01 -4.043e+02 6.228e+01) (2.364e-02 -3.776e-03 9.152e-02) (0.000e+00 0.000e+00 0.000e+00))
3          	((-7.379e+01 -1.294e+01 -1.186e+02) (-2.754e-01 -1.283e-03 1.111e-01) (0.000e+00 0.000e+00 0.000e+00)) ((-2.525e+01 -2.524e+02 3.800e+01) (2.567e-02 2.050e-02 8.798e-02) (0.000e+00 0.000e+00 0.000e+00))
4          	((-3.810e+01 -1.291e+01 -8.470e+01) (-2.662e-01 -1.486e-03 1.174e-01) (0.000e+00 0.000e+00 0.000e+00)) ((-1.642e+01 -1.667e+02 2.918e+01) (2.746e-02 4.066e-02 8.604e-02) (0.000e+00 0.000e+00 0.000e+00))
5          	((-3.070e+01 -1.674e+01 -7.636e+01) (-2.631e-01 -1.847e-03 1.185e-01) (0.000e+00 0.000e+00 0.000e+00)) ((-1.247e+01 -1.469e+02 3.374e+01) (2.825e-02 4.637e-02 8.574e-02) (0.000e+00 0.000e+00 0.000e+00))
6          	((-3.167e+01 -2.159e+01 -7.656e+01) (-2.640e-01 -2.114e-03 1.204e-01) (0.000e+00 0.000e+00 0.000e+00)) ((-1.028e+01 -1.479e+02 4.189e+01) (2.903e-02 4.944e-02 8.607e-02) (0.000e+00 0.000e+00 0.000e+00))
7          	((-3.694e+01 -2.670e+01 -8.228e+01) (-2.650e-01 -2.307e-03 1.198e-01) (0.000e+00 0.000e+00 0.000e+00)) ((-9.514e+00 -1.616e+02 5.139e+01) (2.919e-02 4.773e-02 8.629e-02) (0.000e+00 0.000e+00 0.000e+00))
8          	((-4.083e+01 -2.946e+01 -8.721e+01) (-2.646e-01 -2.257e-03 1.182e-01) (0.000e+00 0.000e+00 0.000e+00)) ((-9.732e+00 -1.729e+02 5.652e+01) (2.891e-02 4.502e-02 8.585e-02) (0.000e+00 0.000e+00 0.000e+00))
9          	((-4.496e+01 -3.195e+01 -9.344e+01) (-2.640e-01 -2.097e-03 1.164e-01) (0.000e+00 0.000e+00 0.000e+00)) ((-1.046e+01 -1.864e+02 6.113e+01) (2.851e-02 4.210e-02 8.523e-02) (0.000e+00 0.000e+00 0.000e+00))
10         	((-4.649e+01 -3.246e+01 -9.676e+01) (-2.635e-01 -1.862e-03 1.153e-01) (0.000e+00 0.000e+00 0.000e+00)) ((-1.127e+01 -1.930e+02 6.182e+01) (2.819e-02 4.006e-02 8.452e-02) (0.000e+00 0.000e+00 0.000e+00))
11         	((-4.779e+01 -3.251e+01 -1.002e+02) (-2.639e-01 -1.632e-03 1.143e-01) (0.000e+00 0.000e+00 0.000e+00)) ((-1.227e+01 -1.996e+02 6.162e+01) (2.789e-02 3.744e-02 8.406e-02) (0.000e+00 0.000e+00 0.000e+00))
12         	((-4.843e+01 -3.215e+01 -1.032e+02) (-2.640e-01 -1.416e-03 1.133e-01) (0.000e+00 0.000e+00 0.000e+00)) ((-1.322e+01 -2.049e+02 6.064e+01) (2.760e-02 3.522e-02 8.359e-02) (0.000e+00 0.000e+00 0.000e+00))
13         	((-4.838e+01 -3.140e+01 -1.055e+02) (-2.636e-01 -1.212e-03 1.133e-01) (0.000e+00 0.000e+00 0.000e+00)) ((-1.415e+01 -2.086e+02 5.888e+01) (2.754e-02 3.522e-02 8.302e-02) (0.000e+00 0.000e+00 0.000e+00))
14         	((-4.779e+01 -3.032e+01 -1.074e+02) (-2.615e-01 -1.044e-03 1.149e-01) (0.000e+00 0.000e+00 0.000e+00)) ((-1.508e+01 -2.110e+02 5.650e+01) (2.788e-02 3.981e-02 8.215e-02) (0.000e+00 0.000e+00 0.000e+00))
15         	((-4.682e+01 -2.901e+01 -1.088e+02) (-2.588e-01 -9.079e-04 1.167e-01) (0.000e+00 0.000e+00 0.000e+00)) ((-1.598e+01 -2.122e+02 5.371e+01) (2.830e-02 4.551e-02 8.112e-02) (0.000e+00 0.000e+00 0.000e+00))
16         	((-4.570e+01 -2.745e+01 -1.097e+02) (-2.553e-01 -8.222e-04 1.179e-01) (0.000e+00 0.000e+00 0.000e+00)) ((-1.690e+01 -2.127e+02 5.051e+01) (2.859e-02 5.081e-02 8.002e-02) (0.000e+00 0.000e+00 0.000e+00))
17         	((-4.459e+01 -2.579e+01 -1.103e+02) (-2.519e-01 -7.339e-04 1.184e-01) (0.000e+00 0.000e+00 0.000e+00)) ((-1.779e+01 -2.126e+02 4.723e+01) (2.869e-02 5.469e-02 7.888e-02) (0.000e+00 0.000e+00 0.000e+00))
18         	((-4.361e+01 -2.419e+01 -1.109e+02) (-2.482e-01 -6.470e-04 1.183e-01) (0.000e+00 0.000e+00 0.000e+00)) ((-1.860e+01 -2.126e+02 4.419e+01) (2.864e-02 5.766e-02 7.767e-02) (0.000e+00 0.000e+00 0.000e+00))
19         	((-4.283e+01 -2.273e+01 -1.115e+02) (-2.439e-01 -5.314e-04 1.180e-01) (0.000e+00 0.000e+00 0.000e+00)) ((-1.932e+01 -2.128e+02 4.152e+01) (2.849e-02 6.059e-02 7.620e-02) (0.000e+00 0.000e+00 0.000e+00))
20         	((-4.241e+01 -2.192e+01 -1.123e+02) (-2.394e-01 -4.586e-04 1.174e-01) (0.000e+00 0.000e+00 0.000e+00)) ((-1.977e+01 -2.137e+02 4.012e+01) (2.828e-02 6.350e-02 7.481e-02) (0.000e+00 0.000e+00 0.000e+00))
21         	((-4.208e+01 -2.092e+01 -1.131e+02) (-2.368e-01 -3.788e-04 1.165e-01) (0.000e+00 0.000e+00 0.000e+00)) ((-2.033e+01 -2.146e+02 3.852e+01) (2.807e-02 6.400e-02 7.395e-02) (0.000e+00 0.000e+00 0.000e+00))
22         	((-4.209e+01 -2.098e+01 -1.140e+02) (-2.361e-01 -2.863e-04 1.155e-01) (0.000e+00 0.000e+00 0.000e+00)) ((-2.044e+01 -2.160e+02 3.884e+01) (2.783e-02 6.293e-02 7.346e-02) (0.000e+00 0.000e+00 0.000e+00))
23         	((-4.237e+01 -2.113e+01 -1.152e+02) (-2.360e-01 -1.320e-04 1.147e-01) (0.000e+00 0.000e+00 0.000e+00)) ((-2.061e+01 -2.181e+02 3.951e+01) (2.763e-02 6.152e-02 7.309e-02) (0.000e+00 0.000e+00 0.000e+00))
24         	((-4.263e+01 -2.104e+01 -1.161e+02) (-2.369e-01 1.527e-04 1.139e-01) (0.000e+00 0.000e+00 0.000e+00)) ((-2.090e+01 -2.199e+02 3.972e+01) (2.740e-02 5.985e-02 7.279e-02) (0.000e+00 0.000e+00 0.000e+00))
25         	((-4.321e+01 -2.077e+01 -1.174e+02) (-2.384e-01 5.933e-04 1.136e-01) (0.000e+00 0.000e+00 0.000e+00)) ((-2.138e+01 -2.224e+02 3.982e+01) (2.721e-02 5.854e-02 7.241e-02) (0.000e+00 0.000e+00 0.000e+00))
26         	((-4.353e+01 -2.034e+01 -1.183e+02) (-2.399e-01 9.609e-04 1.134e-01) (0.000e+00 0.000e+00 0.000e+00)) ((-2.183e+01 -2.241e+02 3.951e+01) (2.705e-02 5.757e-02 7.219e-02) (0.000e+00 0.000e+00 0.000e+00))
27         	((-4.403e+01 -1.986e+01 -1.193e+02) (-2.414e-01 1.237e-03 1.136e-01) (0.000e+00 0.000e+00 0.000e+00)) ((-2.241e+01 -2.262e+02 3.930e+01) (2.698e-02 5.721e-02 7.212e-02) (0.000e+00 0.000e+00 0.000e+00))
28         	((-4.424e+01 -1.951e+01 -1.201e+02) (-2.427e-01 1.516e-03 1.140e-01) (0.000e+00 0.000e+00 0.000e+00)) ((-2.281e+01 -2.275e+02 3.914e+01) (2.694e-02 5.751e-02 7.198e-02) (0.000e+00 0.000e+00 0.000e+00))
29         	((-4.451e+01 -1.912e+01 -1.209e+02) (-2.433e-01 1.771e-03 1.146e-01) (0.000e+00 0.000e+00 0.000e+00)) ((-2.331e+01 -2.290e+02 3.905e+01) (2.696e-02 5.872e-02 7.173e-02) (0.000e+00 0.000e+00 0.000e+00))
30         	((-4.459e+01 -1.887e+01 -1.214e+02) (-2.436e-01 2.092e-03 1.151e-01) (0.000e+00 0.000e+00 0.000e+00)) ((-2.362e+01 -2.298e+02 3.899e+01) (2.691e-02 6.009e-02 7.133e-02) (0.000e+00 0.000e+00 0.000e+00))
31         	((-4.463e+01 -1.870e+01 -1.219e+02) (-2.436e-01 2.422e-03 1.154e-01) (0.000e+00 0.000e+00 0.000e+00)) ((-2.395e+01 -2.306e+02 3.914e+01) (2.679e-02 6.152e-02 7.080e-02) (0.000e+00 0.000e+00 0.000e+00))
32         	((-4.462e+01 -1.842e+01 -1.221e+02) (-2.433e-01 2.837e-03 1.154e-01) (0.000e+00 0.000e+00 0.000e+00)) ((-2.426e+01 -2.310e+02 3.888e+01) (2.650e-02 6.252e-02 7.006e-02) (0.000e+00 0.000e+00 0.000e+00))
33         	((-4.453e+01 -1.765e+01 -1.222e+02) (-2.429e-01 3.195e-03 1.154e-01) (0.000e+00 0.000e+00 0.000e+00)) ((-2.488e+01 -2.310e+02 3.777e+01) (2.620e-02 6.352e-02 6.935e-02) (0.000e+00 0.000e+00 0.000e+00))
34         	((-4.451e+01 -1.681e+01 -1.223e+02) (-2.430e-01 3.516e-03 1.154e-01) (0.000e+00 0.000e+00 0.000e+00)) ((-2.550e+01 -2.310e+02 3.641e+01) (2.591e-02 6.391e-02 6.885e-02) (0.000e+00 0.000e+00 0.000e+00))
35         	((-4.443e+01 -1.506e+01 -1.220e+02) (-2.436e-01 3.837e-03 1.153e-01) (0.000e+00 0.000e+00 0.000e+00)) ((-2.664e+01 -2.306e+02 3.347e+01) (2.561e-02 6.376e-02 6.847e-02) (0.000e+00 0.000e+00 0.000e+00))
36         	((-4.456e+01 -1.395e+01 -1.221e+02) (-2.446e-01 4.156e-03 1.152e-01) (0.000e+00 0.000e+00 0.000e+00)) ((-2.742e+01 -2.308e+02 3.160e+01) (2.528e-02 6.307e-02 6.819e-02) (0.000e+00 0.000e+00 0.000e+00))
37         	((-4.459e+01 -1.239e+01 -1.219e+02) (-2.458e-01 4.479e-03 1.152e-01) (0.000e+00 0.000e+00 0.000e+00)) ((-2.846e+01 -2.305e+02 2.900e+01) (2.495e-02 6.223e-02 6.798e-02) (0.000e+00 0.000e+00 0.000e+00))
38         	((-4.482e+01 -1.190e+01 -1.219e+02) (-2.473e-01 4.743e-03 1.152e-01) (0.000e+00 0.000e+00 0.000e+00)) ((-2.889e+01 -2.307e+02 2.830e+01) (2.468e-02 6.127e-02 6.798e-02) (0.000e+00 0.000e+00 0.000e+00))
39         	((-4.510e+01 -1.158e+01 -1.218e+02) (-2.489e-01 5.002e-03 1.153e-01) (0.000e+00 0.000e+00 0.000e+00)) ((-2.922e+01 -2.308e+02 2.805e+01) (2.446e-02 6.044e-02 6.808e-02) (0.000e+00 0.000e+00 0.000e+00))
40         	((-4.543e+01 -1.172e+01 -1.217e+02) (-2.505e-01 5.276e-03 1.155e-01) (0.000e+00 0.000e+00 0.000e+00)) ((-2.923e+01 -2.310e+02 2.856e+01) (2.423e-02 5.969e-02 6.819e-02) (0.000e+00 0.000e+00 0.000e+00))
41         	((-4.584e+01 -1.196e+01 -1.216e+02) (-2.520e-01 5.555e-03 1.158e-01) (0.000e+00 0.000e+00 0.000e+00)) ((-2.919e+01 -2.312e+02 2.933e+01) (2.403e-02 5.921e-02 6.826e-02) (0.000e+00 0.000e+00 0.000e+00))
42         	((-4.611e+01 -1.190e+01 -1.214e+02) (-2.533e-01 5.864e-03 1.161e-01) (0.000e+00 0.000e+00 0.000e+00)) ((-2.926e+01 -2.310e+02 2.945e+01) (2.383e-02 5.892e-02 6.823e-02) (0.000e+00 0.000e+00 0.000e+00))
43         	((-4.638e+01 -1.174e+01 -1.211e+02) (-2.544e-01 6.150e-03 1.164e-01) (0.000e+00 0.000e+00 0.000e+00)) ((-2.939e+01 -2.307e+02 2.940e+01) (2.370e-02 5.890e-02 6.819e-02) (0.000e+00 0.000e+00 0.000e+00))
44         	((-4.660e+01 -1.155e+01 -1.207e+02) (-2.554e-01 6.438e-03 1.169e-01) (0.000e+00 0.000e+00 0.000e+00)) ((-2.952e+01 -2.302e+02 2.923e+01) (2.361e-02 5.908e-02 6.813e-02) (0.000e+00 0.000e+00 0.000e+00))
45         	((-4.679e+01 -1.144e+01 -1.202e+02) (-2.564e-01 6.750e-03 1.175e-01) (0.000e+00 0.000e+00 0.000e+00)) ((-2.961e+01 -2.296e+02 2.915e+01) (2.355e-02 5.944e-02 6.803e-02) (0.000e+00 0.000e+00 0.000e+00))
46         	((-4.695e+01 -1.144e+01 -1.198e+02) (-2.575e-01 7.076e-03 1.181e-01) (0.000e+00 0.000e+00 0.000e+00)) ((-2.965e+01 -2.290e+02 2.924e+01) (2.352e-02 5.991e-02 6.792e-02) (0.000e+00 0.000e+00 0.000e+00))
47         	((-4.706e+01 -1.157e+01 -1.195e+02) (-2.587e-01 7.394e-03 1.188e-01) (0.000e+00 0.000e+00 0.000e+00)) ((-2.962e+01 -2.285e+02 2.949e+01) (2.353e-02 6.035e-02 6.785e-02) (0.000e+00 0.000e+00 0.000e+00))
48         	((-4.713e+01 -1.179e+01 -1.191e+02) (-2.599e-01 7.696e-03 1.196e-01) (0.000e+00 0.000e+00 0.000e+00)) ((-2.955e+01 -2.280e+02 2.987e+01) (2.356e-02 6.071e-02 6.784e-02) (0.000e+00 0.000e+00 0.000e+00))
49         	((-4.717e+01 -1.207e+01 -1.189e+02) (-2.612e-01 7.994e-03 1.202e-01) (0.000e+00 0.000e+00 0.000e+00)) ((-2.946e+01 -2.275e+02 3.033e+01) (2.359e-02 6.098e-02 6.784e-02) (0.000e+00 0.000e+00 0.000e+00))
50         	((-4.717e+01 -1.238e+01 -1.186e+02) (-2.623e-01 8.283e-03 1.208e-01) (0.000e+00 0.000e+00 0.000e+00)) ((-2.936e+01 -2.271e+02 3.083e+01) (2.362e-02 6.115e-02 6.786e-02) (0.000e+00 0.000e+00 0.000e+00))
51         	((-4.715e+01 -1.273e+01 -1.185e+02) (-2.634e-01 8.557e-03 1.214e-01) (0.000e+00 0.000e+00 0.000e+00)) ((-2.926e+01 -2.268e+02 3.137e+01) (2.363e-02 6.129e-02 6.786e-02) (0.000e+00 0.000e+00 0.000e+00))
52         	((-4.711e+01 -1.309e+01 -1.184e+02) (-2.643e-01 8.852e-03 1.218e-01) (0.000e+00 0.000e+00 0.000e+00)) ((-2.916e+01 -2.265e+02 3.193e+01) (2.363e-02 6.135e-02 6.782e-02) (0.000e+00 0.000e+00 0.000e+00))
53         	((-4.705e+01 -1.346e+01 -1.184e+02) (-2.651e-01 9.153e-03 1.222e-01) (0.000e+00 0.000e+00 0.000e+00)) ((-2.907e+01 -2.264e+02 3.248e+01) (2.360e-02 6.137e-02 6.774e-02) (0.000e+00 0.000e+00 0.000e+00))
54         	((-4.698e+01 -1.382e+01 -1.184e+02) (-2.658e-01 9.454e-03 1.224e-01) (0.000e+00 0.000e+00 0.000e+00)) ((-2.899e+01 -2.264e+02 3.303e+01) (2.354e-02 6.123e-02 6.765e-02) (0.000e+00 0.000e+00 0.000e+00))
55         	((-4.691e+01 -1.418e+01 -1.185e+02) (-2.664e-01 9.749e-03 1.224e-01) (0.000e+00 0.000e+00 0.000e+00)) ((-2.892e+01 -2.265e+02 3.357e+01) (2.344e-02 6.094e-02 6.753e-02) (0.000e+00 0.000e+00 0.000e+00))
56         	((-4.686e+01 -1.454e+01 -1.187e+02) (-2.670e-01 1.005e-02 1.223e-01) (0.000e+00 0.000e+00 0.000e+00)) ((-2.885e+01 -2.266e+02 3.412e+01) (2.330e-02 6.042e-02 6.740e-02) (0.000e+00 0.000e+00 0.000e+00))
57         	((-4.681e+01 -1.488e+01 -1.189e+02) (-2.676e-01 1.032e-02 1.222e-01) (0.000e+00 0.000e+00 0.000e+00)) ((-2.879e+01 -2.269e+02 3.464e+01) (2.314e-02 5.968e-02 6.735e-02) (0.000e+00 0.000e+00 0.000e+00))
58         	((-4.678e+01 -1.519e+01 -1.191e+02) (-2.683e-01 1.059e-02 1.219e-01) (0.000e+00 0.000e+00 0.000e+00)) ((-2.874e+01 -2.272e+02 3.512e+01) (2.296e-02 5.871e-02 6.731e-02) (0.000e+00 0.000e+00 0.000e+00))
59         	((-4.680e+01 -1.551e+01 -1.194e+02) (-2.692e-01 1.080e-02 1.216e-01) (0.000e+00 0.000e+00 0.000e+00)) ((-2.872e+01 -2.276e+02 3.561e+01) (2.278e-02 5.755e-02 6.740e-02) (0.000e+00 0.000e+00 0.000e+00))
60         	((-4.680e+01 -1.562e+01 -1.196e+02) (-2.702e-01 1.100e-02 1.212e-01) (0.000e+00 0.000e+00 0.000e+00)) ((-2.874e+01 -2.279e+02 3.576e+01) (2.260e-02 5.625e-02 6.754e-02) (0.000e+00 0.000e+00 0.000e+00))
61         	((-4.686e+01 -1.575e+01 -1.199e+02) (-2.712e-01 1.115e-02 1.209e-01) (0.000e+00 0.000e+00 0.000e+00)) ((-2.881e+01 -2.285e+02 3.593e+01) (2.246e-02 5.488e-02 6.776e-02) (0.000e+00 0.000e+00 0.000e+00))
62         	((-4.692e+01 -1.575e+01 -1.202e+02) (-2.723e-01 1.126e-02 1.207e-01) (0.000e+00 0.000e+00 0.000e+00)) ((-2.889e+01 -2.289e+02 3.590e+01) (2.236e-02 5.352e-02 6.804e-02) (0.000e+00 0.000e+00 0.000e+00))
63         	((-4.708e+01 -1.566e+01 -1.206e+02) (-2.733e-01 1.134e-02 1.205e-01) (0.000e+00 0.000e+00 0.000e+00)) ((-2.907e+01 -2.298e+02 3.569e+01) (2.230e-02 5.220e-02 6.835e-02) (0.000e+00 0.000e+00 0.000e+00))
64         	((-4.720e+01 -1.548e+01 -1.210e+02) (-2.744e-01 1.138e-02 1.204e-01) (0.000e+00 0.000e+00 0.000e+00)) ((-2.923e+01 -2.304e+02 3.533e+01) (2.229e-02 5.104e-02 6.870e-02) (0.000e+00 0.000e+00 0.000e+00))
65         	((-4.737e+01 -1.518e+01 -1.213e+02) (-2.753e-01 1.140e-02 1.205e-01) (0.000e+00 0.000e+00 0.000e+00)) ((-2.945e+01 -2.312e+02 3.476e+01) (2.235e-02 5.012e-02 6.901e-02) (0.000e+00 0.000e+00 0.000e+00))
66         	((-4.758e+01 -1.479e+01 -1.218e+02) (-2.760e-01 1.142e-02 1.208e-01) (0.000e+00 0.000e+00 0.000e+00)) ((-2.972e+01 -2.320e+02 3.404e+01) (2.249e-02 4.953e-02 6.923e-02) (0.000e+00 0.000e+00 0.000e+00))
67         	((-4.781e+01 -1.433e+01 -1.221e+02) (-2.766e-01 1.141e-02 1.212e-01) (0.000e+00 0.000e+00 0.000e+00)) ((-2.999e+01 -2.328e+02 3.322e+01) (2.271e-02 4.923e-02 6.946e-02) (0.000e+00 0.000e+00 0.000e+00))
68         	((-4.805e+01 -1.383e+01 -1.224e+02) (-2.774e-01 1.129e-02 1.218e-01) (0.000e+00 0.000e+00 0.000e+00)) ((-3.025e+01 -2.335e+02 3.234e+01) (2.304e-02 4.922e-02 6.993e-02) (0.000e+00 0.000e+00 0.000e+00))
69         	((-4.829e+01 -1.328e+01 -1.227e+02) (-2.784e-01 1.101e-02 1.227e-01) (0.000e+00 0.000e+00 0.000e+00)) ((-3.050e+01 -2.342e+02 3.140e+01) (2.354e-02 4.956e-02 7.073e-02) (0.000e+00 0.000e+00 0.000e+00))
70         	((-4.853e+01 -1.265e+01 -1.229e+02) (-2.790e-01 1.066e-02 1.238e-01) (0.000e+00 0.000e+00 0.000e+00)) ((-3.075e+01 -2.347e+02 3.035e+01) (2.416e-02 5.040e-02 7.150e-02) (0.000e+00 0.000e+00 0.000e+00))
71         	((-4.876e+01 -1.204e+01 -1.230e+02) (-2.790e-01 1.034e-02 1.250e-01) (0.000e+00 0.000e+00 0.000e+00)) ((-3.097e+01 -2.350e+02 2.935e+01) (2.483e-02 5.172e-02 7.191e-02) (0.000e+00 0.000e+00 0.000e+00))
72         	((-4.898e+01 -1.151e+01 -1.230e+02) (-2.783e-01 1.006e-02 1.263e-01) (0.000e+00 0.000e+00 0.000e+00)) ((-3.112e+01 -2.352e+02 2.848e+01) (2.549e-02 5.336e-02 7.196e-02) (0.000e+00 0.000e+00 0.000e+00))
73         	((-4.919e+01 -1.111e+01 -1.229e+02) (-2.779e-01 9.758e-03 1.275e-01) (0.000e+00 0.000e+00 0.000e+00)) ((-3.119e+01 -2.353e+02 2.787e+01) (2.612e-02 5.474e-02 7.217e-02) (0.000e+00 0.000e+00 0.000e+00))
74         	((-4.939e+01 -1.085e+01 -1.227e+02) (-2.786e-01 9.534e-03 1.287e-01) (0.000e+00 0.000e+00 0.000e+00)) ((-3.118e+01 -2.351e+02 2.747e+01) (2.667e-02 5.561e-02 7.264e-02) (0.000e+00 0.000e+00 0.000e+00))
75         	((-4.956e+01 -1.069e+01 -1.224e+02) (-2.799e-01 9.364e-03 1.298e-01) (0.000e+00 0.000e+00 0.000e+00)) ((-3.111e+01 -2.348e+02 2.726e+01) (2.718e-02 5.615e-02 7.329e-02) (0.000e+00 0.000e+00 0.000e+00))
76         	((-4.972e+01 -1.065e+01 -1.221e+02) (-2.821e-01 9.261e-03 1.309e-01) (0.000e+00 0.000e+00 0.000e+00)) ((-3.098e+01 -2.343e+02 2.724e+01) (2.769e-02 5.645e-02 7.426e-02) (0.000e+00 0.000e+00 0.000e+00))
77         	((-4.984e+01 -1.066e+01 -1.216e+02) (-2.853e-01 9.433e-03 1.316e-01) (0.000e+00 0.000e+00 0.000e+00)) ((-3.080e+01 -2.336e+02 2.730e+01) (2.793e-02 5.577e-02 7.526e-02) (0.000e+00 0.000e+00 0.000e+00))
78         	((-4.993e+01 -1.067e+01 -1.209e+02) (-2.897e-01 9.814e-03 1.317e-01) (0.000e+00 0.000e+00 0.000e+00)) ((-3.060e+01 -2.327e+02 2.735e+01) (2.779e-02 5.365e-02 7.642e-02) (0.000e+00 0.000e+00 0.000e+00))
79         	((-4.999e+01 -1.054e+01 -1.202e+02) (-2.951e-01 9.825e-03 1.310e-01) (0.000e+00 0.000e+00 0.000e+00)) ((-3.043e+01 -2.317e+02 2.719e+01) (2.746e-02 5.003e-02 7.863e-02) (0.000e+00 0.000e+00 0.000e+00))
80         	((-5.002e+01 -1.024e+01 -1.195e+02) (-3.006e-01 9.688e-03 1.299e-01) (0.000e+00 0.000e+00 0.000e+00)) ((-3.031e+01 -2.304e+02 2.674e+01) (2.696e-02 4.562e-02 8.111e-02) (0.000e+00 0.000e+00 0.000e+00))
81         	((-5.001e+01 -9.730e+00 -1.186e+02) (-3.062e-01 9.556e-03 1.292e-01) (0.000e+00 0.000e+00 0.000e+00)) ((-3.025e+01 -2.290e+02 2.593e+01) (2.664e-02 4.180e-02 8.364e-02) (0.000e+00 0.000e+00 0.000e+00))
82         	((-4.996e+01 -9.025e+00 -1.176e+02) (-3.115e-01 9.435e-03 1.289e-01) (0.000e+00 0.000e+00 0.000e+00)) ((-3.027e+01 -2.274e+02 2.479e+01) (2.646e-02 3.870e-02 8.599e-02) (0.000e+00 0.000e+00 0.000e+00))
83         	((-4.987e+01 -8.151e+00 -1.166e+02) (-3.163e-01 9.270e-03 1.291e-01) (0.000e+00 0.000e+00 0.000e+00)) ((-3.036e+01 -2.257e+02 2.335e+01) (2.653e-02 3.661e-02 8.826e-02) (0.000e+00 0.000e+00 0.000e+00))
84         	((-4.973e+01 -7.142e+00 -1.156e+02) (-3.208e-01 9.130e-03 1.295e-01) (0.000e+00 0.000e+00 0.000e+00)) ((-3.049e+01 -2.238e+02 2.167e+01) (2.667e-02 3.494e-02 9.030e-02) (0.000e+00 0.000e+00 0.000e+00))
85         	((-4.953e+01 -6.027e+00 -1.145e+02) (-3.250e-01 9.009e-03 1.299e-01) (0.000e+00 0.000e+00 0.000e+00)) ((-3.068e+01 -2.219e+02 1.982e+01) (2.682e-02 3.336e-02 9.219e-02) (0.000e+00 0.000e+00 0.000e+00))
86         	((-4.929e+01 -4.876e+00 -1.134e+02) (-3.289e-01 8.916e-03 1.304e-01) (0.000e+00 0.000e+00 0.000e+00)) ((-3.088e+01 -2.200e+02 1.791e+01) (2.697e-02 3.188e-02 9.395e-02) (0.000e+00 0.000e+00 0.000e+00))
87         	((-4.899e+01 -3.820e+00 -1.123e+02) (-3.330e-01 8.902e-03 1.307e-01) (0.000e+00 0.000e+00 0.000e+00)) ((-3.105e+01 -2.179e+02 1.617e+01) (2.706e-02 3.016e-02 9.562e-02) (0.000e+00 0.000e+00 0.000e+00))
88         	((-4.866e+01 -2.965e+00 -1.113e+02) (-3.372e-01 9.015e-03 1.307e-01) (0.000e+00 0.000e+00 0.000e+00)) ((-3.113e+01 -2.159e+02 1.477e+01) (2.701e-02 2.802e-02 9.716e-02) (0.000e+00 0.000e+00 0.000e+00))
89         	((-4.831e+01 -2.379e+00 -1.103e+02) (-3.417e-01 9.161e-03 1.306e-01) (0.000e+00 0.000e+00 0.000e+00)) ((-3.110e+01 -2.140e+02 1.382e+01) (2.684e-02 2.537e-02 9.872e-02) (0.000e+00 0.000e+00 0.000e+00))
90         	((-4.796e+01 -2.026e+00 -1.093e+02) (-3.463e-01 9.324e-03 1.302e-01) (0.000e+00 0.000e+00 0.000e+00)) ((-3.097e+01 -2.122e+02 1.324e+01) (2.662e-02 2.244e-02 1.003e-01) (0.000e+00 0.000e+00 0.000e+00))
91         	((-4.762e+01 -1.831e+00 -1.085e+02) (-3.511e-01 9.552e-03 1.298e-01) (0.000e+00 0.000e+00 0.000e+00)) ((-3.080e+01 -2.106e+02 1.290e+01) (2.633e-02 1.921e-02 1.018e-01) (0.000e+00 0.000e+00 0.000e+00))
92         	((-4.730e+01 -1.740e+00 -1.079e+02) (-3.561e-01 9.901e-03 1.292e-01) (0.000e+00 0.000e+00 0.000e+00)) ((-3.061e+01 -2.092e+02 1.272e+01) (2.595e-02 1.572e-02 1.032e-01) (0.000e+00 0.000e+00 0.000e+00))
93         	((-4.702e+01 -1.742e+00 -1.073e+02) (-3.613e-01 1.033e-02 1.286e-01) (0.000e+00 0.000e+00 0.000e+00)) ((-3.041e+01 -2.081e+02 1.268e+01) (2.550e-02 1.198e-02 1.045e-01) (0.000e+00 0.000e+00 0.000e+00))
94         	((-4.679e+01 -1.849e+00 -1.069e+02) (-3.667e-01 1.081e-02 1.278e-01) (0.000e+00 0.000e+00 0.000e+00)) ((-3.018e+01 -2.073e+02 1.281e+01) (2.500e-02 8.020e-03 1.058e-01) (0.000e+00 0.000e+00 0.000e+00))
95         	((-4.660e+01 -2.043e+00 -1.066e+02) (-3.723e-01 1.130e-02 1.270e-01) (0.000e+00 0.000e+00 0.000e+00)) ((-2.993e+01 -2.066e+02 1.309e+01) (2.450e-02 3.888e-03 1.071e-01) (0.000e+00 0.000e+00 0.000e+00))
96         	((-4.646e+01 -2.337e+00 -1.064e+02) (-3.780e-01 1.172e-02 1.262e-01) (0.000e+00 0.000e+00 0.000e+00)) ((-2.966e+01 -2.062e+02 1.352e+01) (2.403e-02 -2.612e-04 1.086e-01) (0.000e+00 0.000e+00 0.000e+00))
97         	((-4.636e+01 -2.744e+00 -1.063e+02) (-3.840e-01 1.201e-02 1.255e-01) (0.000e+00 0.000e+00 0.000e+00)) ((-2.936e+01 -2.059e+02 1.415e+01) (2.367e-02 -4.328e-03 1.103e-01) (0.000e+00 0.000e+00 0.000e+00))
98         	((-4.629e+01 -3.253e+00 -1.063e+02) (-3.901e-01 1.209e-02 1.250e-01) (0.000e+00 0.000e+00 0.000e+00)) ((-2.905e+01 -2.058e+02 1.495e+01) (2.347e-02 -8.155e-03 1.125e-01) (0.000e+00 0.000e+00 0.000e+00))
99         	((-4.624e+01 -3.843e+00 -1.064e+02) (-3.970e-01 1.190e-02 1.248e-01) (0.000e+00 0.000e+00 0.000e+00)) ((-2.875e+01 -2.060e+02 1.586e+01) (2.349e-02 -1.190e-02 1.154e-01) (0.000e+00 0.000e+00 0.000e+00))
100        	((-4.622e+01 -4.471e+00 -1.067e+02) (-4.042e-01 1.157e-02 1.250e-01) (0.000e+00 0.000e+00 0.000e+00)) ((-2.848e+01 -2.063e+02 1.681e+01) (2.378e-02 -1.499e-02 1.186e-01) (0.000e+00 0.000e+00 0.000e+00))
101        	((-4.620e+01 -5.072e+00 -1.070e+02) (-4.117e-01 1.109e-02 1.257e-01) (0.000e+00 0.000e+00 0.000e+00)) ((-2.827e+01 -2.068e+02 1.768e+01) (2.438e-02 -1.729e-02 1.222e-01) (0.000e+00 0.000e+00 0.000e+00))
102        	((-4.620e+01 -5.577e+00 -1.074e+02) (-4.194e-01 1.056e-02 1.271e-01) (0.000e+00 0.000e+00 0.000e+00)) ((-2.814e+01 -2.074e+02 1.838e+01) (2.532e-02 -1.852e-02 1.259e-01) (0.000e+00 0.000e+00 0.000e+00))
103        	((-4.620e+01 -5.951e+00 -1.077e+02) (-4.268e-01 9.928e-03 1.290e-01) (0.000e+00 0.000e+00 0.000e+00)) ((-2.808e+01 -2.081e+02 1.885e+01) (2.654e-02 -1.888e-02 1.296e-01) (0.000e+00 0.000e+00 0.000e+00))
104        	((-4.619e+01 -6.219e+00 -1.081e+02) (-4.339e-01 9.241e-03 1.313e-01) (0.000e+00 0.000e+00 0.000e+00)) ((-2.807e+01 -2.087e+02 1.914e+01) (2.797e-02 -1.842e-02 1.333e-01) (0.000e+00 0.000e+00 0.000e+00))
105        	((-4.616e+01 -6.437e+00 -1.084e+02) (-4.406e-01 8.556e-03 1.337e-01) (0.000e+00 0.000e+00 0.000e+00)) ((-2.806e+01 -2.092e+02 1.938e+01) (2.947e-02 -1.765e-02 1.368e-01) (0.000e+00 0.000e+00 0.000e+00))
106        	((-4.614e+01 -6.666e+00 -1.087e+02) (-4.467e-01 7.914e-03 1.362e-01) (0.000e+00 0.000e+00 0.000e+00)) ((-2.803e+01 -2.096e+02 1.967e+01) (3.099e-02 -1.656e-02 1.400e-01) (0.000e+00 0.000e+00 0.000e+00))
107        	((-4.613e+01 -6.967e+00 -1.089e+02) (-4.526e-01 7.248e-03 1.386e-01) (0.000e+00 0.000e+00 0.000e+00)) ((-2.792e+01 -2.100e+02 2.012e+01) (3.250e-02 -1.542e-02 1.431e-01) (0.000e+00 0.000e+00 0.000e+00))
108        	((-4.613e+01 -7.356e+00 -1.091e+02) (-4.580e-01 6.603e-03 1.411e-01) (0.000e+00 0.000e+00 0.000e+00)) ((-2.775e+01 -2.104e+02 2.076e+01) (3.401e-02 -1.409e-02 1.460e-01) (0.000e+00 0.000e+00 0.000e+00))
109        	((-4.617e+01 -7.820e+00 -1.093e+02) (-4.629e-01 5.894e-03 1.434e-01) (0.000e+00 0.000e+00 0.000e+00)) ((-2.751e+01 -2.107e+02 2.156e+01) (3.548e-02 -1.275e-02 1.488e-01) (0.000e+00 0.000e+00 0.000e+00))
110        	((-4.624e+01 -8.334e+00 -1.095e+02) (-4.672e-01 5.128e-03 1.457e-01) (0.000e+00 0.000e+00 0.000e+00)) ((-2.725e+01 -2.111e+02 2.249e+01) (3.691e-02 -1.121e-02 1.514e-01) (0.000e+00 0.000e+00 0.000e+00))
111        	((-4.634e+01 -8.880e+00 -1.098e+02) (-4.710e-01 4.316e-03 1.479e-01) (0.000e+00 0.000e+00 0.000e+00)) ((-2.696e+01 -2.116e+02 2.348e+01) (3.830e-02 -9.565e-03 1.539e-01) (0.000e+00 0.000e+00 0.000e+00))
112        	((-4.645e+01 -9.496e+00 -1.100e+02) (-4.752e-01 3.468e-03 1.501e-01) (0.000e+00 0.000e+00 0.000e+00)) ((-2.666e+01 -2.122e+02 2.458e+01) (3.969e-02 -7.802e-03 1.566e-01) (0.000e+00 0.000e+00 0.000e+00))
113        	((-4.656e+01 -1.013e+01 -1.103e+02) (-4.801e-01 2.642e-03 1.524e-01) (0.000e+00 0.000e+00 0.000e+00)) ((-2.637e+01 -2.128e+02 2.569e+01) (4.109e-02 -5.979e-03 1.596e-01) (0.000e+00 0.000e+00 0.000e+00))
114        	((-4.666e+01 -1.080e+01 -1.107e+02) (-4.856e-01 1.917e-03 1.545e-01) (0.000e+00 0.000e+00 0.000e+00)) ((-2.608e+01 -2.134e+02 2.685e+01) (4.235e-02 -4.558e-03 1.626e-01) (0.000e+00 0.000e+00 0.000e+00))
115        	((-4.675e+01 -1.155e+01 -1.110e+02) (-4.918e-01 1.334e-03 1.565e-01) (0.000e+00 0.000e+00 0.000e+00)) ((-2.577e+01 -2.141e+02 2.812e+01) (4.343e-02 -3.778e-03 1.657e-01) (0.000e+00 0.000e+00 0.000e+00))
116        	((-4.682e+01 -1.238e+01 -1.114e+02) (-4.986e-01 9.228e-04 1.581e-01) (0.000e+00 0.000e+00 0.000e+00)) ((-2.545e+01 -2.147e+02 2.948e+01) (4.432e-02 -3.596e-03 1.688e-01) (0.000e+00 0.000e+00 0.000e+00))
117        	((-4.688e+01 -1.328e+01 -1.117e+02) (-5.060e-01 6.515e-04 1.597e-01) (0.000e+00 0.000e+00 0.000e+00)) ((-2.509e+01 -2.154e+02 3.097e+01) (4.511e-02 -3.833e-03 1.719e-01) (0.000e+00 0.000e+00 0.000e+00))
118        	((-4.693e+01 -1.424e+01 -1.121e+02) (-5.139e-01 4.995e-04 1.612e-01) (0.000e+00 0.000e+00 0.000e+00)) ((-2.471e+01 -2.160e+02 3.253e+01) (4.579e-02 -4.499e-03 1.751e-01) (0.000e+00 0.000e+00 0.000e+00))
119        	((-4.697e+01 -1.523e+01 -1.124e+02) (-5.222e-01 5.316e-04 1.624e-01) (0.000e+00 0.000e+00 0.000e+00)) ((-2.431e+01 -2.166e+02 3.414e+01) (4.633e-02 -5.544e-03 1.781e-01) (0.000e+00 0.000e+00 0.000e+00))
120        	((-4.699e+01 -1.622e+01 -1.127e+02) (-5.304e-01 4.874e-04 1.636e-01) (0.000e+00 0.000e+00 0.000e+00)) ((-2.390e+01 -2.171e+02 3.574e+01) (4.681e-02 -6.901e-03 1.813e-01) (0.000e+00 0.000e+00 0.000e+00))
121        	((-4.700e+01 -1.716e+01 -1.129e+02) (-5.385e-01 2.921e-04 1.645e-01) (0.000e+00 0.000e+00 0.000e+00)) ((-2.350e+01 -2.174e+02 3.724e+01) (4.726e-02 -8.492e-03 1.846e-01) (0.000e+00 0.000e+00 0.000e+00))
122        	((-4.699e+01 -1.799e+01 -1.130e+02) (-5.459e-01 9.526e-05 1.653e-01) (0.000e+00 0.000e+00 0.000e+00)) ((-2.313e+01 -2.176e+02 3.855e+01) (4.765e-02 -1.009e-02 1.877e-01) (0.000e+00 0.000e+00 0.000e+00))
123        	((-4.694e+01 -1.861e+01 -1.131e+02) (-5.528e-01 -1.088e-04 1.658e-01) (0.000e+00 0.000e+00 0.000e+00)) ((-2.281e+01 -2.176e+02 3.952e+01) (4.789e-02 -1.214e-02 1.906e-01) (0.000e+00 0.000e+00 0.000e+00))
124        	((-4.686e+01 -1.896e+01 -1.130e+02) (-5.588e-01 -3.006e-04 1.656e-01) (0.000e+00 0.000e+00 0.000e+00)) ((-2.259e+01 -2.174e+02 4.006e+01) (4.780e-02 -1.507e-02 1.931e-01) (0.000e+00 0.000e+00 0.000e+00))
125        	((-4.672e+01 -1.905e+01 -1.128e+02) (-5.638e-01 -4.277e-04 1.646e-01) (0.000e+00 0.000e+00 0.000e+00)) ((-2.247e+01 -2.170e+02 4.017e+01) (4.733e-02 -1.903e-02 1.950e-01) (0.000e+00 0.000e+00 0.000e+00))
126        	((-4.653e+01 -1.887e+01 -1.125e+02) (-5.676e-01 -4.006e-04 1.628e-01) (0.000e+00 0.000e+00 0.000e+00)) ((-2.245e+01 -2.163e+02 3.982e+01) (4.645e-02 -2.388e-02 1.961e-01) (0.000e+00 0.000e+00 0.000e+00))
127        	((-4.629e+01 -1.843e+01 -1.122e+02) (-5.708e-01 -2.220e-04 1.607e-01) (0.000e+00 0.000e+00 0.000e+00)) ((-2.256e+01 -2.155e+02 3.902e+01) (4.535e-02 -2.913e-02 1.968e-01) (0.000e+00 0.000e+00 0.000e+00))
128        	((-4.600e+01 -1.773e+01 -1.118e+02) (-5.740e-01 1.370e-04 1.583e-01) (0.000e+00 0.000e+00 0.000e+00)) ((-2.277e+01 -2.146e+02 3.779e+01) (4.408e-02 -3.469e-02 1.970e-01) (0.000e+00 0.000e+00 0.000e+00))
129        	((-4.570e+01 -1.682e+01 -1.113e+02) (-5.780e-01 4.944e-04 1.559e-01) (0.000e+00 0.000e+00 0.000e+00)) ((-2.310e+01 -2.135e+02 3.617e+01) (4.277e-02 -4.068e-02 1.976e-01) (0.000e+00 0.000e+00 0.000e+00))
130        	((-4.538e+01 -1.573e+01 -1.109e+02) (-5.832e-01 8.765e-04 1.537e-01) (0.000e+00 0.000e+00 0.000e+00)) ((-2.353e+01 -2.125e+02 3.425e+01) (4.154e-02 -4.664e-02 1.986e-01) (0.000e+00 0.000e+00 0.000e+00))
131        	((-4.506e+01 -1.456e+01 -1.104e+02) (-5.898e-01 1.186e-03 1.519e-01) (0.000e+00 0.000e+00 0.000e+00)) ((-2.401e+01 -2.115e+02 3.219e+01) (4.050e-02 -5.260e-02 2.003e-01) (0.000e+00 0.000e+00 0.000e+00))
132        	((-4.475e+01 -1.344e+01 -1.100e+02) (-5.978e-01 1.637e-03 1.507e-01) (0.000e+00 0.000e+00 0.000e+00)) ((-2.449e+01 -2.106e+02 3.020e+01) (3.965e-02 -5.814e-02 2.025e-01) (0.000e+00 0.000e+00 0.000e+00))
133        	((-4.448e+01 -1.245e+01 -1.096e+02) (-6.070e-01 2.053e-03 1.500e-01) (0.000e+00 0.000e+00 0.000e+00)) ((-2.491e+01 -2.097e+02 2.846e+01) (3.906e-02 -6.316e-02 2.051e-01) (0.000e+00 0.000e+00 0.000e+00))
134        	((-4.424e+01 -1.164e+01 -1.093e+02) (-6.167e-01 2.381e-03 1.498e-01) (0.000e+00 0.000e+00 0.000e+00)) ((-2.527e+01 -2.089e+02 2.703e+01) (3.867e-02 -6.773e-02 2.082e-01) (0.000e+00 0.000e+00 0.000e+00))
135        	((-4.405e+01 -1.103e+01 -1.089e+02) (-6.267e-01 2.693e-03 1.495e-01) (0.000e+00 0.000e+00 0.000e+00)) ((-2.553e+01 -2.082e+02 2.596e+01) (3.828e-02 -7.245e-02 2.114e-01) (0.000e+00 0.000e+00 0.000e+00))
136        	((-4.391e+01 -1.065e+01 -1.085e+02) (-6.366e-01 2.934e-03 1.492e-01) (0.000e+00 0.000e+00 0.000e+00)) ((-2.567e+01 -2.075e+02 2.530e+01) (3.788e-02 -7.720e-02 2.147e-01) (0.000e+00 0.000e+00 0.000e+00))
137        	((-4.381e+01 -1.048e+01 -1.082e+02) (-6.460e-01 3.178e-03 1.487e-01) (0.000e+00 0.000e+00 0.000e+00)) ((-2.570e+01 -2.068e+02 2.505e+01) (3.741e-02 -8.207e-02 2.179e-01) (0.000e+00 0.000e+00 0.000e+00))
138        	((-4.377e+01 -1.050e+01 -1.078e+02) (-6.547e-01 3.433e-03 1.479e-01) (0.000e+00 0.000e+00 0.000e+00)) ((-2.562e+01 -2.061e+02 2.515e+01) (3.677e-02 -8.721e-02 2.207e-01) (0.000e+00 0.000e+00 0.000e+00))
139        	((-4.377e+01 -1.067e+01 -1.073e+02) (-6.625e-01 3.782e-03 1.468e-01) (0.000e+00 0.000e+00 0.000e+00)) ((-2.544e+01 -2.054e+02 2.553e+01) (3.593e-02 -9.264e-02 2.231e-01) (0.000e+00 0.000e+00 0.000e+00))
140        	((-4.379e+01 -1.095e+01 -1.068e+02) (-6.693e-01 4.177e-03 1.454e-01) (0.000e+00 0.000e+00 0.000e+00)) ((-2.520e+01 -2.046e+02 2.610e+01) (3.489e-02 -9.830e-02 2.250e-01) (0.000e+00 0.000e+00 0.000e+00))
141        	((-4.383e+01 -1.125e+01 -1.063e+02) (-6.754e-01 4.602e-03 1.437e-01) (0.000e+00 0.000e+00 0.000e+00)) ((-2.494e+01 -2.039e+02 2.672e+01) (3.369e-02 -1.042e-01 2.264e-01) (0.000e+00 0.000e+00 0.000e+00))
142        	((-4.389e+01 -1.152e+01 -1.057e+02) (-6.806e-01 4.988e-03 1.417e-01) (0.000e+00 0.000e+00 0.000e+00)) ((-2.468e+01 -2.031e+02 2.727e+01) (3.238e-02 -1.102e-01 2.275e-01) (0.000e+00 0.000e+00 0.000e+00))
143        	((-4.396e+01 -1.167e+01 -1.052e+02) (-6.851e-01 5.437e-03 1.398e-01) (0.000e+00 0.000e+00 0.000e+00)) ((-2.448e+01 -2.023e+02 2.762e+01) (3.104e-02 -1.160e-01 2.282e-01) (0.000e+00 0.000e+00 0.000e+00))
144        	((-4.404e+01 -1.165e+01 -1.046e+02) (-6.891e-01 5.975e-03 1.381e-01) (0.000e+00 0.000e+00 0.000e+00)) ((-2.437e+01 -2.015e+02 2.766e+01) (2.976e-02 -1.214e-01 2.284e-01) (0.000e+00 0.000e+00 0.000e+00))
145        	((-4.413e+01 -1.146e+01 -1.041e+02) (-6.926e-01 6.532e-03 1.370e-01) (0.000e+00 0.000e+00 0.000e+00)) ((-2.434e+01 -2.008e+02 2.740e+01) (2.869e-02 -1.259e-01 2.284e-01) (0.000e+00 0.000e+00 0.000e+00))
146        	((-4.426e+01 -1.109e+01 -1.035e+02) (-6.959e-01 7.086e-03 1.366e-01) (0.000e+00 0.000e+00 0.000e+00)) ((-2.441e+01 -2.001e+02 2.681e+01) (2.791e-02 -1.292e-01 2.281e-01) (0.000e+00 0.000e+00 0.000e+00))
147        	((-4.441e+01 -1.054e+01 -1.029e+02) (-6.992e-01 7.616e-03 1.370e-01) (0.000e+00 0.000e+00 0.000e+00)) ((-2.455e+01 -1.994e+02 2.592e+01) (2.750e-02 -1.313e-01 2.279e-01) (0.000e+00 0.000e+00 0.000e+00))
148        	((-4.460e+01 -9.828e+00 -1.023e+02) (-7.027e-01 8.038e-03 1.386e-01) (0.000e+00 0.000e+00 0.000e+00)) ((-2.477e+01 -1.987e+02 2.476e+01) (2.757e-02 -1.318e-01 2.278e-01) (0.000e+00 0.000e+00 0.000e+00))
149        	((-4.479e+01 -9.015e+00 -1.017e+02) (-7.067e-01 8.311e-03 1.411e-01) (0.000e+00 0.000e+00 0.000e+00)) ((-2.502e+01 -1.979e+02 2.342e+01) (2.814e-02 -1.308e-01 2.282e-01) (0.000e+00 0.000e+00 0.000e+00))
150        	((-4.497e+01 -8.138e+00 -1.010e+02) (-7.110e-01 8.481e-03 1.449e-01) (0.000e+00 0.000e+00 0.000e+00)) ((-2.528e+01 -1.970e+02 2.197e+01) (2.920e-02 -1.281e-01 2.289e-01) (0.000e+00 0.000e+00 0.000e+00))
151        	((-4.511e+01 -7.235e+00 -1.003e+02) (-7.161e-01 8.649e-03 1.496e-01) (0.000e+00 0.000e+00 0.000e+00)) ((-2.553e+01 -1.960e+02 2.046e+01) (3.070e-02 -1.240e-01 2.298e-01) (0.000e+00 0.000e+00 0.000e+00))
152        	((-4.520e+01 -6.353e+00 -9.944e+01) (-7.219e-01 8.736e-03 1.553e-01) (0.000e+00 0.000e+00 0.000e+00)) ((-2.575e+01 -1.948e+02 1.897e+01) (3.260e-02 -1.186e-01 2.312e-01) (0.000e+00 0.000e+00 0.000e+00))
153        	((-4.524e+01 -5.561e+00 -9.858e+01) (-7.285e-01 8.734e-03 1.615e-01) (0.000e+00 0.000e+00 0.000e+00)) ((-2.591e+01 -1.935e+02 1.764e+01) (3.472e-02 -1.126e-01 2.332e-01) (0.000e+00 0.000e+00 0.000e+00))
154        	((-4.522e+01 -4.891e+00 -9.769e+01) (-7.357e-01 8.707e-03 1.675e-01) (0.000e+00 0.000e+00 0.000e+00)) ((-2.599e+01 -1.921e+02 1.650e+01) (3.676e-02 -1.068e-01 2.354e-01) (0.000e+00 0.000e+00 0.000e+00))
155        	((-4.514e+01 -4.357e+00 -9.681e+01) (-7.432e-01 8.761e-03 1.731e-01) (0.000e+00 0.000e+00 0.000e+00)) ((-2.600e+01 -1.906e+02 1.558e+01) (3.859e-02 -1.017e-01 2.377e-01) (0.000e+00 0.000e+00 0.000e+00))
156        	((-4.502e+01 -3.965e+00 -9.596e+01) (-7.507e-01 8.980e-03 1.780e-01) (0.000e+00 0.000e+00 0.000e+00)) ((-2.593e+01 -1.891e+02 1.488e+01) (4.010e-02 -9.723e-02 2.399e-01) (0.000e+00 0.000e+00 0.000e+00))
157        	((-4.484e+01 -3.729e+00 -9.517e+01) (-7.580e-01 9.240e-03 1.823e-01) (0.000e+00 0.000e+00 0.000e+00)) ((-2.580e+01 -1.877e+02 1.444e+01) (4.133e-02 -9.355e-02 2.419e-01) (0.000e+00 0.000e+00 0.000e+00))
158        	((-4.462e+01 -3.658e+00 -9.447e+01) (-7.648e-01 9.439e-03 1.861e-01) (0.000e+00 0.000e+00 0.000e+00)) ((-2.559e+01 -1.864e+02 1.425e+01) (4.241e-02 -9.020e-02 2.440e-01) (0.000e+00 0.000e+00 0.000e+00))
159        	((-4.436e+01 -3.760e+00 -9.389e+01) (-7.710e-01 9.498e-03 1.897e-01) (0.000e+00 0.000e+00 0.000e+00)) ((-2.533e+01 -1.852e+02 1.434e+01) (4.349e-02 -8.691e-02 2.461e-01) (0.000e+00 0.000e+00 0.000e+00))
160        	((-4.408e+01 -4.042e+00 -9.344e+01) (-7.766e-01 9.290e-03 1.931e-01) (0.000e+00 0.000e+00 0.000e+00)) ((-2.501e+01 -1.842e+02 1.473e+01) (4.467e-02 -8.341e-02 2.485e-01) (0.000e+00 0.000e+00 0.000e+00))
161        	((-4.378e+01 -4.497e+00 -9.313e+01) (-7.815e-01 8.826e-03 1.966e-01) (0.000e+00 0.000e+00 0.000e+00)) ((-2.465e+01 -1.835e+02 1.539e+01) (4.601e-02 -7.962e-02 2.512e-01) (0.000e+00 0.000e+00 0.000e+00))
162        	((-4.348e+01 -5.081e+00 -9.297e+01) (-7.857e-01 8.079e-03 1.999e-01) (0.000e+00 0.000e+00 0.000e+00)) ((-2.428e+01 -1.829e+02 1.627e+01) (4.747e-02 -7.563e-02 2.541e-01) (0.000e+00 0.000e+00 0.000e+00))
163        	((-4.319e+01 -5.734e+00 -9.295e+01) (-7.892e-01 7.197e-03 2.030e-01) (0.000e+00 0.000e+00 0.000e+00)) ((-2.392e+01 -1.826e+02 1.727e+01) (4.900e-02 -7.151e-02 2.570e-01) (0.000e+00 0.000e+00 0.000e+00))
164        	((-4.292e+01 -6.396e+00 -9.305e+01) (-7.920e-01 6.276e-03 2.060e-01) (0.000e+00 0.000e+00 0.000e+00)) ((-2.360e+01 -1.825e+02 1.830e+01) (5.052e-02 -6.724e-02 2.597e-01) (0.000e+00 0.000e+00 0.000e+00))
165        	((-4.266e+01 -7.013e+00 -9.324e+01) (-7.941e-01 5.376e-03 2.089e-01) (0.000e+00 0.000e+00 0.000e+00)) ((-2.333e+01 -1.826e+02 1.927e+01) (5.203e-02 -6.278e-02 2.621e-01) (0.000e+00 0.000e+00 0.000e+00))
166        	((-4.242e+01 -7.544e+00 -9.349e+01) (-7.956e-01 4.630e-03 2.119e-01) (0.000e+00 0.000e+00 0.000e+00)) ((-2.312e+01 -1.827e+02 2.011e+01) (5.354e-02 -5.788e-02 2.640e-01) (0.000e+00 0.000e+00 0.000e+00))
167        	((-4.221e+01 -7.977e+00 -9.377e+01) (-7.964e-01 3.978e-03 2.150e-01) (0.000e+00 0.000e+00 0.000e+00)) ((-2.298e+01 -1.830e+02 2.082e+01) (5.509e-02 -5.239e-02 2.655e-01) (0.000e+00 0.000e+00 0.000e+00))
168        	((-4.201e+01 -8.304e+00 -9.407e+01) (-7.966e-01 3.422e-03 2.183e-01) (0.000e+00 0.000e+00 0.000e+00)) ((-2.289e+01 -1.833e+02 2.136e+01) (5.668e-02 -4.628e-02 2.665e-01) (0.000e+00 0.000e+00 0.000e+00))
169        	((-4.184e+01 -8.529e+00 -9.437e+01) (-7.963e-01 2.933e-03 2.218e-01) (0.000e+00 0.000e+00 0.000e+00)) ((-2.286e+01 -1.836e+02 2.176e+01) (5.833e-02 -3.963e-02 2.671e-01) (0.000e+00 0.000e+00 0.000e+00))
170        	((-4.169e+01 -8.662e+00 -9.466e+01) (-7.954e-01 2.530e-03 2.255e-01) (0.000e+00 0.000e+00 0.000e+00)) ((-2.289e+01 -1.839e+02 2.201e+01) (5.999e-02 -3.250e-02 2.673e-01) (0.000e+00 0.000e+00 0.000e+00))
171        	((-4.156e+01 -8.721e+00 -9.494e+01) (-7.941e-01 2.207e-03 2.293e-01) (0.000e+00 0.000e+00 0.000e+00)) ((-2.295e+01 -1.842e+02 2.216e+01) (6.167e-02 -2.495e-02 2.671e-01) (0.000e+00 0.000e+00 0.000e+00))
172        	((-4.144e+01 -8.727e+00 -9.520e+01) (-7.922e-01 1.987e-03 2.333e-01) (0.000e+00 0.000e+00 0.000e+00)) ((-2.304e+01 -1.845e+02 2.221e+01) (6.336e-02 -1.702e-02 2.665e-01) (0.000e+00 0.000e+00 0.000e+00))
173        	((-4.134e+01 -8.705e+00 -9.545e+01) (-7.899e-01 1.869e-03 2.375e-01) (0.000e+00 0.000e+00 0.000e+00)) ((-2.315e+01 -1.848e+02 2.222e+01) (6.507e-02 -8.795e-03 2.654e-01) (0.000e+00 0.000e+00 0.000e+00))
174        	((-4.125e+01 -8.670e+00 -9.571e+01) (-7.872e-01 1.815e-03 2.417e-01) (0.000e+00 0.000e+00 0.000e+00)) ((-2.327e+01 -1.851e+02 2.222e+01) (6.675e-02 -4.240e-04 2.640e-01) (0.000e+00 0.000e+00 0.000e+00))
175        	((-4.119e+01 -8.645e+00 -9.596e+01) (-7.840e-01 1.789e-03 2.457e-01) (0.000e+00 0.000e+00 0.000e+00)) ((-2.340e+01 -1.855e+02 2.223e+01) (6.838e-02 7.787e-03 2.624e-01) (0.000e+00 0.000e+00 0.000e+00))
176        	((-4.115e+01 -8.649e+00 -9.621e+01) (-7.803e-01 1.734e-03 2.495e-01) (0.000e+00 0.000e+00 0.000e+00)) ((-2.350e+01 -1.859e+02 2.229e+01) (6.989e-02 1.563e-02 2.605e-01) (0.000e+00 0.000e+00 0.000e+00))
177        	((-4.113e+01 -8.691e+00 -9.646e+01) (-7.761e-01 1.713e-03 2.528e-01) (0.000e+00 0.000e+00 0.000e+00)) ((-2.360e+01 -1.862e+02 2.242e+01) (7.121e-02 2.278e-02 2.584e-01) (0.000e+00 0.000e+00 0.000e+00))
178        	((-4.113e+01 -8.763e+00 -9.670e+01) (-7.715e-01 1.678e-03 2.555e-01) (0.000e+00 0.000e+00 0.000e+00)) ((-2.367e+01 -1.866e+02 2.260e+01) (7.229e-02 2.910e-02 2.561e-01) (0.000e+00 0.000e+00 0.000e+00))
179        	((-4.114e+01 -8.853e+00 -9.693e+01) (-7.665e-01 1.582e-03 2.576e-01) (0.000e+00 0.000e+00 0.000e+00)) ((-2.373e+01 -1.870e+02 2.282e+01) (7.315e-02 3.449e-02 2.537e-01) (0.000e+00 0.000e+00 0.000e+00))
180        	((-4.118e+01 -8.945e+00 -9.714e+01) (-7.615e-01 1.516e-03 2.593e-01) (0.000e+00 0.000e+00 0.000e+00)) ((-2.377e+01 -1.874e+02 2.305e+01) (7.376e-02 3.902e-02 2.511e-01) (0.000e+00 0.000e+00 0.000e+00))
181        	((-4.123e+01 -9.025e+00 -9.733e+01) (-7.566e-01 1.461e-03 2.604e-01) (0.000e+00 0.000e+00 0.000e+00)) ((-2.381e+01 -1.878e+02 2.325e+01) (7.414e-02 4.267e-02 2.486e-01) (0.000e+00 0.000e+00 0.000e+00))
182        	((-4.130e+01 -9.078e+00 -9.751e+01) (-7.519e-01 1.462e-03 2.612e-01) (0.000e+00 0.000e+00 0.000e+00)) ((-2.385e+01 -1.881e+02 2.340e+01) (7.429e-02 4.553e-02 2.461e-01) (0.000e+00 0.000e+00 0.000e+00))
183        	((-4.137e+01 -9.092e+00 -9.766e+01) (-7.478e-01 1.518e-03 2.617e-01) (0.000e+00 0.000e+00 0.000e+00)) ((-2.389e+01 -1.884e+02 2.348e+01) (7.424e-02 4.763e-02 2.437e-01) (0.000e+00 0.000e+00 0.000e+00))
184        	((-4.145e+01 -9.059e+00 -9.778e+01) (-7.442e-01 1.669e-03 2.619e-01) (0.000e+00 0.000e+00 0.000e+00)) ((-2.394e+01 -1.887e+02 2.348e+01) (7.400e-02 4.906e-02 2.413e-01) (0.000e+00 0.000e+00 0.000e+00))
185        	((-4.152e+01 -8.974e+00 -9.786e+01) (-7.413e-01 1.876e-03 2.619e-01) (0.000e+00 0.000e+00 0.000e+00)) ((-2.399e+01 -1.889e+02 2.337e+01) (7.363e-02 4.995e-02 2.391e-01) (0.000e+00 0.000e+00 0.000e+00))
186        	((-4.159e+01 -8.835e+00 -9.790e+01) (-7.390e-01 2.195e-03 2.619e-01) (0.000e+00 0.000e+00 0.000e+00)) ((-2.404e+01 -1.891e+02 2.317e+01) (7.312e-02 5.049e-02 2.369e-01) (0.000e+00 0.000e+00 0.000e+00))
187        	((-4.164e+01 -8.650e+00 -9.788e+01) (-7.374e-01 2.615e-03 2.617e-01) (0.000e+00 0.000e+00 0.000e+00)) ((-2.409e+01 -1.891e+02 2.289e+01) (7.246e-02 5.058e-02 2.349e-01) (0.000e+00 0.000e+00 0.000e+00))
188        	((-4.167e+01 -8.427e+00 -9.782e+01) (-7.362e-01 3.170e-03 2.614e-01) (0.000e+00 0.000e+00 0.000e+00)) ((-2.414e+01 -1.890e+02 2.253e+01) (7.164e-02 5.034e-02 2.328e-01) (0.000e+00 0.000e+00 0.000e+00))
189        	((-4.169e+01 -8.178e+00 -9.770e+01) (-7.354e-01 3.831e-03 2.609e-01) (0.000e+00 0.000e+00 0.000e+00)) ((-2.417e+01 -1.888e+02 2.213e+01) (7.071e-02 4.983e-02 2.307e-01) (0.000e+00 0.000e+00 0.000e+00))
190        	((-4.170e+01 -7.916e+00 -9.755e+01) (-7.350e-01 4.608e-03 2.603e-01) (0.000e+00 0.000e+00 0.000e+00)) ((-2.419e+01 -1.886e+02 2.170e+01) (6.960e-02 4.894e-02 2.286e-01) (0.000e+00 0.000e+00 0.000e+00))
191        	((-4.170e+01 -7.658e+00 -9.737e+01) (-7.350e-01 5.469e-03 2.594e-01) (0.000e+00 0.000e+00 0.000e+00)) ((-2.421e+01 -1.883e+02 2.127e+01) (6.832e-02 4.745e-02 2.265e-01) (0.000e+00 0.000e+00 0.000e+00))
192        	((-4.168e+01 -7.409e+00 -9.718e+01) (-7.353e-01 6.472e-03 2.581e-01) (0.000e+00 0.000e+00 0.000e+00)) ((-2.422e+01 -1.880e+02 2.085e+01) (6.683e-02 4.538e-02 2.243e-01) (0.000e+00 0.000e+00 0.000e+00))
193        	((-4.166e+01 -7.195e+00 -9.700e+01) (-7.359e-01 7.584e-03 2.565e-01) (0.000e+00 0.000e+00 0.000e+00)) ((-2.421e+01 -1.876e+02 2.049e+01) (6.513e-02 4.264e-02 2.221e-01) (0.000e+00 0.000e+00 0.000e+00))
194        	((-4.162e+01 -6.999e+00 -9.684e+01) (-7.368e-01 8.818e-03 2.546e-01) (0.000e+00 0.000e+00 0.000e+00)) ((-2.422e+01 -1.873e+02 2.015e+01) (6.323e-02 3.925e-02 2.198e-01) (0.000e+00 0.000e+00 0.000e+00))
195        	((-4.158e+01 -6.848e+00 -9.669e+01) (-7.380e-01 1.005e-02 2.525e-01) (0.000e+00 0.000e+00 0.000e+00)) ((-2.422e+01 -1.870e+02 1.988e+01) (6.129e-02 3.552e-02 2.176e-01) (0.000e+00 0.000e+00 0.000e+00))
196        	((-4.154e+01 -6.738e+00 -9.658e+01) (-7.397e-01 1.137e-02 2.504e-01) (0.000e+00 0.000e+00 0.000e+00)) ((-2.422e+01 -1.868e+02 1.967e+01) (5.932e-02 3.153e-02 2.155e-01) (0.000e+00 0.000e+00 0.000e+00))
197        	((-4.149e+01 -6.679e+00 -9.648e+01) (-7.421e-01 1.268e-02 2.487e-01) (0.000e+00 0.000e+00 0.000e+00)) ((-2.420e+01 -1.866e+02 1.955e+01) (5.752e-02 2.776e-02 2.138e-01) (0.000e+00 0.000e+00 0.000e+00))
198        	((-4.145e+01 -6.665e+00 -9.642e+01) (-7.450e-01 1.394e-02 2.476e-01) (0.000e+00 0.000e+00 0.000e+00)) ((-2.418e+01 -1.864e+02 1.949e+01) (5.603e-02 2.474e-02 2.124e-01) (0.000e+00 0.000e+00 0.000e+00))
199        	((-4.143e+01 -6.684e+00 -9.636e+01) (-7.484e-01 1.496e-02 2.470e-01) (0.000e+00 0.000e+00 0.000e+00)) ((-2.416e+01 -1.863e+02 1.949e+01) (5.485e-02 2.217e-02 2.115e-01) (0.000e+00 0.000e+00 0.000e+00))
200        	((-4.143e+01 -6.723e+00 -9.633e+01) (-7.518e-01 1.567e-02 2.469e-01) (0.000e+00 0.000e+00 0.000e+00)) ((-2.413e+01 -1.863e+02 1.952e+01) (5.405e-02 2.035e-02 2.113e-01) (0.000e+00 0.000e+00 0.000e+00))
201        	((-4.145e+01 -6.765e+00 -9.631e+01) (-7.553e-01 1.607e-02 2.471e-01) (0.000e+00 0.000e+00 0.000e+00)) ((-2.412e+01 -1.862e+02 1.956e+01) (5.357e-02 1.902e-02 2.116e-01) (0.000e+00 0.000e+00 0.000e+00))
202        	((-4.148e+01 -6.797e+00 -9.630e+01) (-7.586e-01 1.620e-02 2.477e-01) (0.000e+00 0.000e+00 0.000e+00)) ((-2.411e+01 -1.863e+02 1.958e+01) (5.338e-02 1.819e-02 2.122e-01) (0.000e+00 0.000e+00 0.000e+00))
203        	((-4.154e+01 -6.809e+00 -9.630e+01) (-7.620e-01 1.613e-02 2.485e-01) (0.000e+00 0.000e+00 0.000e+00)) ((-2.412e+01 -1.863e+02 1.957e+01) (5.340e-02 1.759e-02 2.133e-01) (0.000e+00 0.000e+00 0.000e+00))
204        	((-4.160e+01 -6.797e+00 -9.631e+01) (-7.654e-01 1.590e-02 2.494e-01) (0.000e+00 0.000e+00 0.000e+00)) ((-2.414e+01 -1.864e+02 1.952e+01) (5.358e-02 1.710e-02 2.147e-01) (0.000e+00 0.000e+00 0.000e+00))
205        	((-4.168e+01 -6.758e+00 -9.631e+01) (-7.689e-01 1.564e-02 2.505e-01) (0.000e+00 0.000e+00 0.000e+00)) ((-2.415e+01 -1.864e+02 1.943e+01) (5.388e-02 1.675e-02 2.163e-01) (0.000e+00 0.000e+00 0.000e+00))
206        	((-4.176e+01 -6.693e+00 -9.631e+01) (-7.725e-01 1.536e-02 2.516e-01) (0.000e+00 0.000e+00 0.000e+00)) ((-2.418e+01 -1.865e+02 1.931e+01) (5.425e-02 1.649e-02 2.179e-01) (0.000e+00 0.000e+00 0.000e+00))
207        	((-4.185e+01 -6.598e+00 -9.630e+01) (-7.761e-01 1.505e-02 2.529e-01) (0.000e+00 0.000e+00 0.000e+00)) ((-2.420e+01 -1.866e+02 1.914e+01) (5.471e-02 1.633e-02 2.196e-01) (0.000e+00 0.000e+00 0.000e+00))
208        	((-4.194e+01 -6.475e+00 -9.629e+01) (-7.798e-01 1.473e-02 2.543e-01) (0.000e+00 0.000e+00 0.000e+00)) ((-2.423e+01 -1.867e+02 1.892e+01) (5.523e-02 1.631e-02 2.214e-01) (0.000e+00 0.000e+00 0.000e+00))
209        	((-4.203e+01 -6.327e+00 -9.626e+01) (-7.834e-01 1.440e-02 2.556e-01) (0.000e+00 0.000e+00 0.000e+00)) ((-2.425e+01 -1.868e+02 1.868e+01) (5.577e-02 1.630e-02 2.232e-01) (0.000e+00 0.000e+00 0.000e+00))
210        	((-4.212e+01 -6.150e+00 -9.621e+01) (-7.869e-01 1.407e-02 2.569e-01) (0.000e+00 0.000e+00 0.000e+00)) ((-2.428e+01 -1.868e+02 1.838e+01) (5.628e-02 1.627e-02 2.250e-01) (0.000e+00 0.000e+00 0.000e+00))
211        	((-4.220e+01 -5.951e+00 -9.614e+01) (-7.902e-01 1.378e-02 2.581e-01) (0.000e+00 0.000e+00 0.000e+00)) ((-2.430e+01 -1.868e+02 1.805e+01) (5.677e-02 1.629e-02 2.267e-01) (0.000e+00 0.000e+00 0.000e+00))
212        	((-4.227e+01 -5.733e+00 -9.603e+01) (-7.934e-01 1.347e-02 2.593e-01) (0.000e+00 0.000e+00 0.000e+00)) ((-2.434e+01 -1.867e+02 1.769e+01) (5.724e-02 1.633e-02 2.284e-01) (0.000e+00 0.000e+00 0.000e+00))
213        	((-4.232e+01 -5.501e+00 -9.590e+01) (-7.967e-01 1.317e-02 2.604e-01) (0.000e+00 0.000e+00 0.000e+00)) ((-2.437e+01 -1.865e+02 1.732e+01) (5.770e-02 1.635e-02 2.301e-01) (0.000e+00 0.000e+00 0.000e+00))
214        	((-4.236e+01 -5.263e+00 -9.573e+01) (-8.001e-01 1.281e-02 2.615e-01) (0.000e+00 0.000e+00 0.000e+00)) ((-2.442e+01 -1.863e+02 1.694e+01) (5.817e-02 1.641e-02 2.319e-01) (0.000e+00 0.000e+00 0.000e+00))
215        	((-4.239e+01 -5.029e+00 -9.553e+01) (-8.034e-01 1.239e-02 2.625e-01) (0.000e+00 0.000e+00 0.000e+00)) ((-2.446e+01 -1.860e+02 1.657e+01) (5.866e-02 1.653e-02 2.339e-01) (0.000e+00 0.000e+00 0.000e+00))
216        	((-4.241e+01 -4.811e+00 -9.529e+01) (-8.067e-01 1.197e-02 2.637e-01) (0.000e+00 0.000e+00 0.000e+00)) ((-2.451e+01 -1.857e+02 1.622e+01) (5.919e-02 1.695e-02 2.359e-01) (0.000e+00 0.000e+00 0.000e+00))
217        	((-4.241e+01 -4.613e+00 -9.502e+01) (-8.102e-01 1.154e-02 2.653e-01) (0.000e+00 0.000e+00 0.000e+00)) ((-2.455e+01 -1.852e+02 1.591e+01) (5.991e-02 1.810e-02 2.379e-01) (0.000e+00 0.000e+00 0.000e+00))
218        	((-4.241e+01 -4.446e+00 -9.473e+01) (-8.137e-01 1.129e-02 2.675e-01) (0.000e+00 0.000e+00 0.000e+00)) ((-2.457e+01 -1.848e+02 1.566e+01) (6.078e-02 2.016e-02 2.398e-01) (0.000e+00 0.000e+00 0.000e+00))
219        	((-4.240e+01 -4.307e+00 -9.443e+01) (-8.171e-01 1.121e-02 2.700e-01) (0.000e+00 0.000e+00 0.000e+00)) ((-2.459e+01 -1.843e+02 1.546e+01) (6.174e-02 2.293e-02 2.413e-01) (0.000e+00 0.000e+00 0.000e+00))
220        	((-4.238e+01 -4.180e+00 -9.412e+01) (-8.204e-01 1.115e-02 2.730e-01) (0.000e+00 0.000e+00 0.000e+00)) ((-2.461e+01 -1.838e+02 1.528e+01) (6.288e-02 2.647e-02 2.428e-01) (0.000e+00 0.000e+00 0.000e+00))
221        	((-4.236e+01 -4.048e+00 -9.381e+01) (-8.237e-01 1.111e-02 2.763e-01) (0.000e+00 0.000e+00 0.000e+00)) ((-2.463e+01 -1.833e+02 1.509e+01) (6.417e-02 3.057e-02 2.443e-01) (0.000e+00 0.000e+00 0.000e+00))
222        	((-4.234e+01 -3.894e+00 -9.350e+01) (-8.267e-01 1.109e-02 2.800e-01) (0.000e+00 0.000e+00 0.000e+00)) ((-2.467e+01 -1.827e+02 1.486e+01) (6.562e-02 3.532e-02 2.456e-01) (0.000e+00 0.000e+00 0.000e+00))
223        	((-4.231e+01 -3.717e+00 -9.320e+01) (-8.294e-01 1.099e-02 2.840e-01) (0.000e+00 0.000e+00 0.000e+00)) ((-2.472e+01 -1.822e+02 1.459e+01) (6.722e-02 4.046e-02 2.470e-01) (0.000e+00 0.000e+00 0.000e+00))
224        	((-4.228e+01 -3.523e+00 -9.292e+01) (-8.318e-01 1.073e-02 2.877e-01) (0.000e+00 0.000e+00 0.000e+00)) ((-2.478e+01 -1.818e+02 1.430e+01) (6.883e-02 4.536e-02 2.484e-01) (0.000e+00 0.000e+00 0.000e+00))
225        	((-4.224e+01 -3.317e+00 -9.265e+01) (-8.339e-01 1.040e-02 2.912e-01) (0.000e+00 0.000e+00 0.000e+00)) ((-2.485e+01 -1.813e+02 1.399e+01) (7.039e-02 4.991e-02 2.499e-01) (0.000e+00 0.000e+00 0.000e+00))
226        	((-4.220e+01 -3.097e+00 -9.240e+01) (-8.353e-01 9.922e-03 2.944e-01) (0.000e+00 0.000e+00 0.000e+00)) ((-2.492e+01 -1.809e+02 1.366e+01) (7.194e-02 5.426e-02 2.513e-01) (0.000e+00 0.000e+00 0.000e+00))
227        	((-4.216e+01 -2.867e+00 -9.216e+01) (-8.363e-01 9.368e-03 2.973e-01) (0.000e+00 0.000e+00 0.000e+00)) ((-2.499e+01 -1.805e+02 1.332e+01) (7.340e-02 5.819e-02 2.527e-01) (0.000e+00 0.000e+00 0.000e+00))
228        	((-4.210e+01 -2.631e+00 -9.193e+01) (-8.371e-01 8.791e-03 2.997e-01) (0.000e+00 0.000e+00 0.000e+00)) ((-2.507e+01 -1.800e+02 1.299e+01) (7.468e-02 6.143e-02 2.541e-01) (0.000e+00 0.000e+00 0.000e+00))
229        	((-4.204e+01 -2.397e+00 -9.171e+01) (-8.374e-01 8.220e-03 3.016e-01) (0.000e+00 0.000e+00 0.000e+00)) ((-2.515e+01 -1.796e+02 1.266e+01) (7.574e-02 6.383e-02 2.553e-01) (0.000e+00 0.000e+00 0.000e+00))
230        	((-4.197e+01 -2.174e+00 -9.149e+01) (-8.373e-01 7.718e-03 3.029e-01) (0.000e+00 0.000e+00 0.000e+00)) ((-2.523e+01 -1.792e+02 1.234e+01) (7.654e-02 6.553e-02 2.561e-01) (0.000e+00 0.000e+00 0.000e+00))
231        	((-4.189e+01 -1.971e+00 -9.129e+01) (-8.366e-01 7.244e-03 3.036e-01) (0.000e+00 0.000e+00 0.000e+00)) ((-2.529e+01 -1.789e+02 1.207e+01) (7.711e-02 6.652e-02 2.567e-01) (0.000e+00 0.000e+00 0.000e+00))
232        	((-4.180e+01 -1.792e+00 -9.109e+01) (-8.353e-01 6.873e-03 3.039e-01) (0.000e+00 0.000e+00 0.000e+00)) ((-2.534e+01 -1.785e+02 1.182e+01) (7.743e-02 6.691e-02 2.570e-01) (0.000e+00 0.000e+00 0.000e+00))
233        	((-4.170e+01 -1.634e+00 -9.089e+01) (-8.336e-01 6.563e-03 3.037e-01) (0.000e+00 0.000e+00 0.000e+00)) ((-2.538e+01 -1.781e+02 1.161e+01) (7.754e-02 6.671e-02 2.569e-01) (0.000e+00 0.000e+00 0.000e+00))
234        	((-4.159e+01 -1.481e+00 -9.071e+01) (-8.317e-01 6.394e-03 3.032e-01) (0.000e+00 0.000e+00 0.000e+00)) ((-2.541e+01 -1.777e+02 1.140e+01) (7.748e-02 6.608e-02 2.565e-01) (0.000e+00 0.000e+00 0.000e+00))
235        	((-4.146e+01 -1.316e+00 -9.052e+01) (-8.296e-01 6.241e-03 3.025e-01) (0.000e+00 0.000e+00 0.000e+00)) ((-2.545e+01 -1.773e+02 1.116e+01) (7.733e-02 6.513e-02 2.560e-01) (0.000e+00 0.000e+00 0.000e+00))
236        	((-4.133e+01 -1.119e+00 -9.035e+01) (-8.275e-01 6.195e-03 3.017e-01) (0.000e+00 0.000e+00 0.000e+00)) ((-2.550e+01 -1.769e+02 1.085e+01) (7.709e-02 6.401e-02 2.553e-01) (0.000e+00 0.000e+00 0.000e+00))
237        	((-4.120e+01 -8.785e-01 -9.019e+01) (-8.253e-01 6.239e-03 3.008e-01) (0.000e+00 0.000e+00 0.000e+00)) ((-2.558e+01 -1.765e+02 1.046e+01) (7.677e-02 6.272e-02 2.544e-01) (0.000e+00 0.000e+00 0.000e+00))
238        	((-4.105e+01 -5.871e-01 -9.003e+01) (-8.232e-01 6.390e-03 2.997e-01) (0.000e+00 0.000e+00 0.000e+00)) ((-2.568e+01 -1.761e+02 9.959e+00) (7.638e-02 6.134e-02 2.533e-01) (0.000e+00 0.000e+00 0.000e+00))
239        	((-4.091e+01 -2.465e-01 -8.990e+01) (-8.212e-01 6.609e-03 2.986e-01) (0.000e+00 0.000e+00 0.000e+00)) ((-2.580e+01 -1.758e+02 9.365e+00) (7.592e-02 5.979e-02 2.521e-01) (0.000e+00 0.000e+00 0.000e+00))
240        	((-4.077e+01 1.329e-01 -8.978e+01) (-8.192e-01 6.916e-03 2.973e-01) (0.000e+00 0.000e+00 0.000e+00)) ((-2.595e+01 -1.755e+02 8.693e+00) (7.536e-02 5.809e-02 2.508e-01) (0.000e+00 0.000e+00 0.000e+00))
241        	((-4.065e+01 5.382e-01 -8.969e+01) (-8.175e-01 7.282e-03 2.958e-01) (0.000e+00 0.000e+00 0.000e+00)) ((-2.612e+01 -1.752e+02 7.967e+00) (7.472e-02 5.614e-02 2.494e-01) (0.000e+00 0.000e+00 0.000e+00))
242        	((-4.053e+01 9.674e-01 -8.962e+01) (-8.158e-01 7.677e-03 2.943e-01) (0.000e+00 0.000e+00 0.000e+00)) ((-2.631e+01 -1.750e+02 7.194e+00) (7.399e-02 5.400e-02 2.480e-01) (0.000e+00 0.000e+00 0.000e+00))
243        	((-4.043e+01 1.411e+00 -8.958e+01) (-8.143e-01 8.066e-03 2.925e-01) (0.000e+00 0.000e+00 0.000e+00)) ((-2.651e+01 -1.748e+02 6.393e+00) (7.317e-02 5.149e-02 2.466e-01) (0.000e+00 0.000e+00 0.000e+00))
244        	((-4.034e+01 1.855e+00 -8.956e+01) (-8.130e-01 8.381e-03 2.905e-01) (0.000e+00 0.000e+00 0.000e+00)) ((-2.673e+01 -1.747e+02 5.589e+00) (7.229e-02 4.864e-02 2.453e-01) (0.000e+00 0.000e+00 0.000e+00))
245        	((-4.027e+01 2.286e+00 -8.956e+01) (-8.119e-01 8.592e-03 2.884e-01) (0.000e+00 0.000e+00 0.000e+00)) ((-2.695e+01 -1.747e+02 4.812e+00) (7.140e-02 4.552e-02 2.443e-01) (0.000e+00 0.000e+00 0.000e+00))
246        	((-4.022e+01 2.684e+00 -8.958e+01) (-8.112e-01 8.816e-03 2.863e-01) (0.000e+00 0.000e+00 0.000e+00)) ((-2.716e+01 -1.747e+02 4.096e+00) (7.045e-02 4.212e-02 2.434e-01) (0.000e+00 0.000e+00 0.000e+00))
247        	((-4.019e+01 3.031e+00 -8.962e+01) (-8.107e-01 9.084e-03 2.838e-01) (0.000e+00 0.000e+00 0.000e+00)) ((-2.735e+01 -1.747e+02 3.473e+00) (6.936e-02 3.815e-02 2.425e-01) (0.000e+00 0.000e+00 0.000e+00))
248        	((-4.017e+01 3.315e+00 -8.966e+01) (-8.104e-01 9.378e-03 2.811e-01) (0.000e+00 0.000e+00 0.000e+00)) ((-2.752e+01 -1.748e+02 2.969e+00) (6.811e-02 3.355e-02 2.417e-01) (0.000e+00 0.000e+00 0.000e+00))
249        	((-4.018e+01 3.532e+00 -8.973e+01) (-8.104e-01 9.755e-03 2.780e-01) (0.000e+00 0.000e+00 0.000e+00)) ((-2.765e+01 -1.749e+02 2.583e+00) (6.666e-02 2.822e-02 2.408e-01) (0.000e+00 0.000e+00 0.000e+00))
250        	((-4.019e+01 3.687e+00 -8.980e+01) (-8.105e-01 1.023e-02 2.746e-01) (0.000e+00 0.000e+00 0.000e+00)) ((-2.777e+01 -1.750e+02 2.305e+00) (6.503e-02 2.233e-02 2.398e-01) (0.000e+00 0.000e+00 0.000e+00))
251        	((-4.022e+01 3.780e+00 -8.989e+01) (-8.106e-01 1.071e-02 2.709e-01) (0.000e+00 0.000e+00 0.000e+00)) ((-2.785e+01 -1.752e+02 2.131e+00) (6.321e-02 1.573e-02 2.388e-01) (0.000e+00 0.000e+00 0.000e+00))
252        	((-4.025e+01 3.830e+00 -8.997e+01) (-8.107e-01 1.105e-02 2.669e-01) (0.000e+00 0.000e+00 0.000e+00)) ((-2.791e+01 -1.754e+02 2.032e+00) (6.132e-02 8.628e-03 2.380e-01) (0.000e+00 0.000e+00 0.000e+00))
253        	((-4.030e+01 3.833e+00 -9.006e+01) (-8.108e-01 1.114e-02 2.628e-01) (0.000e+00 0.000e+00 0.000e+00)) ((-2.795e+01 -1.756e+02 2.007e+00) (5.952e-02 1.397e-03 2.376e-01) (0.000e+00 0.000e+00 0.000e+00))
254        	((-4.034e+01 3.809e+00 -9.014e+01) (-8.108e-01 1.101e-02 2.590e-01) (0.000e+00 0.000e+00 0.000e+00)) ((-2.797e+01 -1.758e+02 2.026e+00) (5.789e-02 -5.427e-03 2.376e-01) (0.000e+00 0.000e+00 0.000e+00))
255        	((-4.037e+01 3.782e+00 -9.020e+01) (-8.106e-01 1.073e-02 2.556e-01) (0.000e+00 0.000e+00 0.000e+00)) ((-2.798e+01 -1.759e+02 2.046e+00) (5.650e-02 -1.148e-02 2.377e-01) (0.000e+00 0.000e+00 0.000e+00))
256        	((-4.040e+01 3.744e+00 -9.025e+01) (-8.103e-01 1.037e-02 2.528e-01) (0.000e+00 0.000e+00 0.000e+00)) ((-2.797e+01 -1.760e+02 2.083e+00) (5.538e-02 -1.646e-02 2.379e-01) (0.000e+00 0.000e+00 0.000e+00))
257        	((-4.042e+01 3.710e+00 -9.026e+01) (-8.100e-01 9.967e-03 2.507e-01) (0.000e+00 0.000e+00 0.000e+00)) ((-2.796e+01 -1.761e+02 2.113e+00) (5.456e-02 -2.037e-02 2.382e-01) (0.000e+00 0.000e+00 0.000e+00))
258        	((-4.044e+01 3.675e+00 -9.026e+01) (-8.098e-01 9.587e-03 2.493e-01) (0.000e+00 0.000e+00 0.000e+00)) ((-2.794e+01 -1.761e+02 2.146e+00) (5.402e-02 -2.311e-02 2.385e-01) (0.000e+00 0.000e+00 0.000e+00))
259        	((-4.044e+01 3.641e+00 -9.023e+01) (-8.099e-01 9.291e-03 2.486e-01) (0.000e+00 0.000e+00 0.000e+00)) ((-2.791e+01 -1.760e+02 2.179e+00) (5.372e-02 -2.490e-02 2.389e-01) (0.000e+00 0.000e+00 0.000e+00))
260        	((-4.043e+01 3.622e+00 -9.018e+01) (-8.102e-01 9.093e-03 2.484e-01) (0.000e+00 0.000e+00 0.000e+00)) ((-2.788e+01 -1.760e+02 2.192e+00) (5.364e-02 -2.576e-02 2.392e-01) (0.000e+00 0.000e+00 0.000e+00))
261        	((-4.042e+01 3.626e+00 -9.012e+01) (-8.108e-01 8.875e-03 2.488e-01) (0.000e+00 0.000e+00 0.000e+00)) ((-2.785e+01 -1.758e+02 2.169e+00) (5.378e-02 -2.586e-02 2.396e-01) (0.000e+00 0.000e+00 0.000e+00))
262        	((-4.040e+01 3.654e+00 -9.004e+01) (-8.118e-01 8.799e-03 2.497e-01) (0.000e+00 0.000e+00 0.000e+00)) ((-2.782e+01 -1.757e+02 2.109e+00) (5.407e-02 -2.529e-02 2.400e-01) (0.000e+00 0.000e+00 0.000e+00))
263        	((-4.038e+01 3.704e+00 -8.995e+01) (-8.131e-01 8.752e-03 2.510e-01) (0.000e+00 0.000e+00 0.000e+00)) ((-2.780e+01 -1.755e+02 2.015e+00) (5.450e-02 -2.421e-02 2.406e-01) (0.000e+00 0.000e+00 0.000e+00))
264        	((-4.035e+01 3.781e+00 -8.986e+01) (-8.146e-01 8.810e-03 2.527e-01) (0.000e+00 0.000e+00 0.000e+00)) ((-2.780e+01 -1.754e+02 1.877e+00) (5.508e-02 -2.235e-02 2.410e-01) (0.000e+00 0.000e+00 0.000e+00))
265        	((-4.033e+01 3.875e+00 -8.977e+01) (-8.164e-01 8.908e-03 2.549e-01) (0.000e+00 0.000e+00 0.000e+00)) ((-2.780e+01 -1.752e+02 1.710e+00) (5.585e-02 -1.985e-02 2.415e-01) (0.000e+00 0.000e+00 0.000e+00))
266        	((-4.031e+01 3.984e+00 -8.968e+01) (-8.186e-01 9.065e-03 2.574e-01) (0.000e+00 0.000e+00 0.000e+00)) ((-2.781e+01 -1.750e+02 1.519e+00) (5.675e-02 -1.676e-02 2.421e-01) (0.000e+00 0.000e+00 0.000e+00))
267        	((-4.028e+01 4.102e+00 -8.960e+01) (-8.212e-01 9.229e-03 2.603e-01) (0.000e+00 0.000e+00 0.000e+00)) ((-2.783e+01 -1.749e+02 1.314e+00) (5.780e-02 -1.330e-02 2.430e-01) (0.000e+00 0.000e+00 0.000e+00))
268        	((-4.026e+01 4.222e+00 -8.952e+01) (-8.244e-01 9.430e-03 2.634e-01) (0.000e+00 0.000e+00 0.000e+00)) ((-2.786e+01 -1.747e+02 1.111e+00) (5.893e-02 -9.598e-03 2.440e-01) (0.000e+00 0.000e+00 0.000e+00))
269        	((-4.024e+01 4.334e+00 -8.945e+01) (-8.280e-01 9.632e-03 2.666e-01) (0.000e+00 0.000e+00 0.000e+00)) ((-2.790e+01 -1.746e+02 9.243e-01) (6.012e-02 -5.837e-03 2.452e-01) (0.000e+00 0.000e+00 0.000e+00))
270        	((-4.022e+01 4.434e+00 -8.939e+01) (-8.320e-01 9.803e-03 2.697e-01) (0.000e+00 0.000e+00 0.000e+00)) ((-2.794e+01 -1.744e+02 7.633e-01) (6.130e-02 -2.290e-03 2.466e-01) (0.000e+00 0.000e+00 0.000e+00))
271        	((-4.020e+01 4.516e+00 -8.932e+01) (-8.363e-01 9.974e-03 2.725e-01) (0.000e+00 0.000e+00 0.000e+00)) ((-2.798e+01 -1.743e+02 6.398e-01) (6.236e-02 7.074e-04 2.481e-01) (0.000e+00 0.000e+00 0.000e+00))
272        	((-4.017e+01 4.577e+00 -8.926e+01) (-8.407e-01 1.014e-02 2.749e-01) (0.000e+00 0.000e+00 0.000e+00)) ((-2.801e+01 -1.742e+02 5.555e-01) (6.325e-02 3.013e-03 2.498e-01) (0.000e+00 0.000e+00 0.000e+00))
273        	((-4.015e+01 4.614e+00 -8.920e+01) (-8.451e-01 1.031e-02 2.767e-01) (0.000e+00 0.000e+00 0.000e+00)) ((-2.805e+01 -1.741e+02 5.109e-01) (6.392e-02 4.524e-03 2.513e-01) (0.000e+00 0.000e+00 0.000e+00))
274        	((-4.013e+01 4.628e+00 -8.915e+01) (-8.492e-01 1.045e-02 2.780e-01) (0.000e+00 0.000e+00 0.000e+00)) ((-2.807e+01 -1.740e+02 5.069e-01) (6.435e-02 5.264e-03 2.529e-01) (0.000e+00 0.000e+00 0.000e+00))
275        	((-4.012e+01 4.616e+00 -8.911e+01) (-8.529e-01 1.052e-02 2.786e-01) (0.000e+00 0.000e+00 0.000e+00)) ((-2.808e+01 -1.739e+02 5.437e-01) (6.455e-02 5.163e-03 2.544e-01) (0.000e+00 0.000e+00 0.000e+00))
276        	((-4.010e+01 4.580e+00 -8.907e+01) (-8.565e-01 1.049e-02 2.787e-01) (0.000e+00 0.000e+00 0.000e+00)) ((-2.807e+01 -1.738e+02 6.223e-01) (6.459e-02 4.349e-03 2.559e-01) (0.000e+00 0.000e+00 0.000e+00))
277        	((-4.009e+01 4.526e+00 -8.904e+01) (-8.599e-01 1.042e-02 2.785e-01) (0.000e+00 0.000e+00 0.000e+00)) ((-2.806e+01 -1.737e+02 7.292e-01) (6.449e-02 2.901e-03 2.575e-01) (0.000e+00 0.000e+00 0.000e+00))
278        	((-4.007e+01 4.459e+00 -8.901e+01) (-8.631e-01 1.034e-02 2.778e-01) (0.000e+00 0.000e+00 0.000e+00)) ((-2.804e+01 -1.737e+02 8.540e-01) (6.420e-02 7.670e-04 2.590e-01) (0.000e+00 0.000e+00 0.000e+00))
279        	((-4.006e+01 4.378e+00 -8.898e+01) (-8.663e-01 1.028e-02 2.769e-01) (0.000e+00 0.000e+00 0.000e+00)) ((-2.801e+01 -1.736e+02 9.975e-01) (6.380e-02 -1.952e-03 2.605e-01) (0.000e+00 0.000e+00 0.000e+00))
280        	((-4.004e+01 4.285e+00 -8.895e+01) (-8.694e-01 1.028e-02 2.756e-01) (0.000e+00 0.000e+00 0.000e+00)) ((-2.797e+01 -1.736e+02 1.155e+00) (6.321e-02 -5.329e-03 2.618e-01) (0.000e+00 0.000e+00 0.000e+00))
281        	((-4.002e+01 4.183e+00 -8.892e+01) (-8.724e-01 1.034e-02 2.739e-01) (0.000e+00 0.000e+00 0.000e+00)) ((-2.793e+01 -1.735e+02 1.323e+00) (6.240e-02 -9.515e-03 2.629e-01) (0.000e+00 0.000e+00 0.000e+00))
282        	((-4.000e+01 4.078e+00 -8.888e+01) (-8.752e-01 1.046e-02 2.718e-01) (0.000e+00 0.000e+00 0.000e+00)) ((-2.788e+01 -1.734e+02 1.495e+00) (6.144e-02 -1.424e-02 2.639e-01) (0.000e+00 0.000e+00 0.000e+00))
283        	((-3.998e+01 3.972e+00 -8.883e+01) (-8.780e-01 1.053e-02 2.696e-01) (0.000e+00 0.000e+00 0.000e+00)) ((-2.782e+01 -1.733e+02 1.665e+00) (6.044e-02 -1.940e-02 2.649e-01) (0.000e+00 0.000e+00 0.000e+00))
284        	((-3.996e+01 3.870e+00 -8.878e+01) (-8.805e-01 1.059e-02 2.673e-01) (0.000e+00 0.000e+00 0.000e+00)) ((-2.775e+01 -1.732e+02 1.829e+00) (5.939e-02 -2.474e-02 2.658e-01) (0.000e+00 0.000e+00 0.000e+00))
285        	((-3.993e+01 3.777e+00 -8.872e+01) (-8.829e-01 1.063e-02 2.650e-01) (0.000e+00 0.000e+00 0.000e+00)) ((-2.768e+01 -1.731e+02 1.975e+00) (5.836e-02 -3.010e-02 2.668e-01) (0.000e+00 0.000e+00 0.000e+00))
286        	((-3.990e+01 3.706e+00 -8.866e+01) (-8.850e-01 1.059e-02 2.629e-01) (0.000e+00 0.000e+00 0.000e+00)) ((-2.761e+01 -1.730e+02 2.082e+00) (5.743e-02 -3.517e-02 2.677e-01) (0.000e+00 0.000e+00 0.000e+00))
287        	((-3.987e+01 3.659e+00 -8.860e+01) (-8.869e-01 1.049e-02 2.611e-01) (0.000e+00 0.000e+00 0.000e+00)) ((-2.755e+01 -1.729e+02 2.141e+00) (5.664e-02 -3.976e-02 2.686e-01) (0.000e+00 0.000e+00 0.000e+00))
288        	((-3.983e+01 3.643e+00 -8.853e+01) (-8.884e-01 1.033e-02 2.595e-01) (0.000e+00 0.000e+00 0.000e+00)) ((-2.750e+01 -1.727e+02 2.147e+00) (5.602e-02 -4.374e-02 2.694e-01) (0.000e+00 0.000e+00 0.000e+00))
289        	((-3.979e+01 3.650e+00 -8.847e+01) (-8.897e-01 1.016e-02 2.584e-01) (0.000e+00 0.000e+00 0.000e+00)) ((-2.747e+01 -1.726e+02 2.109e+00) (5.557e-02 -4.699e-02 2.702e-01) (0.000e+00 0.000e+00 0.000e+00))
290        	((-3.974e+01 3.677e+00 -8.840e+01) (-8.908e-01 1.002e-02 2.576e-01) (0.000e+00 0.000e+00 0.000e+00)) ((-2.746e+01 -1.724e+02 2.036e+00) (5.529e-02 -4.946e-02 2.708e-01) (0.000e+00 0.000e+00 0.000e+00))
291        	((-3.969e+01 3.717e+00 -8.834e+01) (-8.919e-01 9.884e-03 2.572e-01) (0.000e+00 0.000e+00 0.000e+00)) ((-2.745e+01 -1.723e+02 1.940e+00) (5.516e-02 -5.134e-02 2.714e-01) (0.000e+00 0.000e+00 0.000e+00))
292        	((-3.964e+01 3.772e+00 -8.829e+01) (-8.929e-01 9.786e-03 2.571e-01) (0.000e+00 0.000e+00 0.000e+00)) ((-2.745e+01 -1.722e+02 1.820e+00) (5.512e-02 -5.269e-02 2.719e-01) (0.000e+00 0.000e+00 0.000e+00))
293        	((-3.959e+01 3.839e+00 -8.825e+01) (-8.939e-01 9.737e-03 2.572e-01) (0.000e+00 0.000e+00 0.000e+00)) ((-2.747e+01 -1.721e+02 1.681e+00) (5.517e-02 -5.364e-02 2.723e-01) (0.000e+00 0.000e+00 0.000e+00))
294        	((-3.953e+01 3.923e+00 -8.821e+01) (-8.949e-01 9.722e-03 2.574e-01) (0.000e+00 0.000e+00 0.000e+00)) ((-2.750e+01 -1.720e+02 1.515e+00) (5.525e-02 -5.429e-02 2.727e-01) (0.000e+00 0.000e+00 0.000e+00))
295        	((-3.948e+01 4.021e+00 -8.819e+01) (-8.959e-01 9.786e-03 2.576e-01) (0.000e+00 0.000e+00 0.000e+00)) ((-2.755e+01 -1.719e+02 1.328e+00) (5.532e-02 -5.481e-02 2.729e-01) (0.000e+00 0.000e+00 0.000e+00))
296        	((-3.943e+01 4.136e+00 -8.817e+01) (-8.968e-01 9.903e-03 2.579e-01) (0.000e+00 0.000e+00 0.000e+00)) ((-2.761e+01 -1.718e+02 1.114e+00) (5.535e-02 -5.525e-02 2.730e-01) (0.000e+00 0.000e+00 0.000e+00))
297        	((-3.938e+01 4.267e+00 -8.817e+01) (-8.976e-01 1.003e-02 2.579e-01) (0.000e+00 0.000e+00 0.000e+00)) ((-2.768e+01 -1.718e+02 8.751e-01) (5.530e-02 -5.587e-02 2.730e-01) (0.000e+00 0.000e+00 0.000e+00))
298        	((-3.933e+01 4.411e+00 -8.818e+01) (-8.982e-01 1.015e-02 2.577e-01) (0.000e+00 0.000e+00 0.000e+00)) ((-2.777e+01 -1.718e+02 6.143e-01) (5.515e-02 -5.672e-02 2.730e-01) (0.000e+00 0.000e+00 0.000e+00))
299        	((-3.928e+01 4.561e+00 -8.821e+01) (-8.986e-01 1.021e-02 2.572e-01) (0.000e+00 0.000e+00 0.000e+00)) ((-2.786e+01 -1.718e+02 3.468e-01) (5.490e-02 -5.795e-02 2.730e-01) (0.000e+00 0.000e+00 0.000e+00))
300        	((-3.924e+01 4.716e+00 -8.824e+01) (-8.988e-01 1.024e-02 2.564e-01) (0.000e+00 0.000e+00 0.000e+00)) ((-2.795e+01 -1.718e+02 7.258e-02) (5.452e-02 -5.950e-02 2.729e-01) (0.000e+00 0.000e+00 0.000e+00))
301        	((-3.920e+01 4.870e+00 -8.828e+01) (-8.988e-01 1.024e-02 2.553e-01) (0.000e+00 0.000e+00 0.000e+00)) ((-2.805e+01 -1.718e+02 -1.991e-01) (5.405e-02 -6.133e-02 2.728e-01) (0.000e+00 0.000e+00 0.000e+00))
302        	((-3.916e+01 5.025e+00 -8.832e+01) (-8.985e-01 1.025e-02 2.540e-01) (0.000e+00 0.000e+00 0.000e+00)) ((-2.815e+01 -1.719e+02 -4.681e-01) (5.347e-02 -6.341e-02 2.726e-01) (0.000e+00 0.000e+00 0.000e+00))
303        	((-3.912e+01 5.179e+00 -8.837e+01) (-8.982e-01 1.022e-02 2.524e-01) (0.000e+00 0.000e+00 0.000e+00)) ((-2.825e+01 -1.719e+02 -7.332e-01) (5.281e-02 -6.582e-02 2.724e-01) (0.000e+00 0.000e+00 0.000e+00))
304        	((-3.908e+01 5.329e+00 -8.841e+01) (-8.978e-01 1.021e-02 2.506e-01) (0.000e+00 0.000e+00 0.000e+00)) ((-2.835e+01 -1.719e+02 -9.902e-01) (5.202e-02 -6.857e-02 2.722e-01) (0.000e+00 0.000e+00 0.000e+00))
305        	((-3.905e+01 5.472e+00 -8.845e+01) (-8.971e-01 1.021e-02 2.485e-01) (0.000e+00 0.000e+00 0.000e+00)) ((-2.844e+01 -1.720e+02 -1.231e+00) (5.111e-02 -7.175e-02 2.719e-01) (0.000e+00 0.000e+00 0.000e+00))
306        	((-3.902e+01 5.603e+00 -8.849e+01) (-8.962e-01 1.022e-02 2.460e-01) (0.000e+00 0.000e+00 0.000e+00)) ((-2.853e+01 -1.720e+02 -1.450e+00) (5.004e-02 -7.541e-02 2.715e-01) (0.000e+00 0.000e+00 0.000e+00))
307        	((-3.899e+01 5.720e+00 -8.852e+01) (-8.953e-01 1.025e-02 2.433e-01) (0.000e+00 0.000e+00 0.000e+00)) ((-2.862e+01 -1.720e+02 -1.643e+00) (4.884e-02 -7.950e-02 2.710e-01) (0.000e+00 0.000e+00 0.000e+00))
308        	((-3.896e+01 5.820e+00 -8.854e+01) (-8.942e-01 1.037e-02 2.405e-01) (0.000e+00 0.000e+00 0.000e+00)) ((-2.869e+01 -1.720e+02 -1.805e+00) (4.757e-02 -8.382e-02 2.704e-01) (0.000e+00 0.000e+00 0.000e+00))
309        	((-3.894e+01 5.901e+00 -8.857e+01) (-8.931e-01 1.052e-02 2.374e-01) (0.000e+00 0.000e+00 0.000e+00)) ((-2.875e+01 -1.720e+02 -1.937e+00) (4.619e-02 -8.850e-02 2.697e-01) (0.000e+00 0.000e+00 0.000e+00))
310        	((-3.892e+01 5.965e+00 -8.860e+01) (-8.918e-01 1.066e-02 2.343e-01) (0.000e+00 0.000e+00 0.000e+00)) ((-2.880e+01 -1.721e+02 -2.039e+00) (4.478e-02 -9.334e-02 2.690e-01) (0.000e+00 0.000e+00 0.000e+00))
311        	((-3.891e+01 6.008e+00 -8.863e+01) (-8.906e-01 1.075e-02 2.311e-01) (0.000e+00 0.000e+00 0.000e+00)) ((-2.884e+01 -1.721e+02 -2.112e+00) (4.338e-02 -9.834e-02 2.684e-01) (0.000e+00 0.000e+00 0.000e+00))
312        	((-3.891e+01 6.036e+00 -8.867e+01) (-8.892e-01 1.072e-02 2.282e-01) (0.000e+00 0.000e+00 0.000e+00)) ((-2.887e+01 -1.722e+02 -2.165e+00) (4.211e-02 -1.030e-01 2.679e-01) (0.000e+00 0.000e+00 0.000e+00))
313        	((-3.891e+01 6.058e+00 -8.872e+01) (-8.876e-01 1.051e-02 2.255e-01) (0.000e+00 0.000e+00 0.000e+00)) ((-2.889e+01 -1.722e+02 -2.212e+00) (4.106e-02 -1.072e-01 2.676e-01) (0.000e+00 0.000e+00 0.000e+00))
314        	((-3.892e+01 6.081e+00 -8.876e+01) (-8.857e-01 1.021e-02 2.232e-01) (0.000e+00 0.000e+00 0.000e+00)) ((-2.891e+01 -1.723e+02 -2.266e+00) (4.023e-02 -1.106e-01 2.673e-01) (0.000e+00 0.000e+00 0.000e+00))
315        	((-3.894e+01 6.104e+00 -8.882e+01) (-8.837e-01 9.847e-03 2.213e-01) (0.000e+00 0.000e+00 0.000e+00)) ((-2.892e+01 -1.724e+02 -2.319e+00) (3.959e-02 -1.133e-01 2.670e-01) (0.000e+00 0.000e+00 0.000e+00))
316        	((-3.896e+01 6.127e+00 -8.887e+01) (-8.815e-01 9.513e-03 2.197e-01) (0.000e+00 0.000e+00 0.000e+00)) ((-2.893e+01 -1.725e+02 -2.371e+00) (3.909e-02 -1.154e-01 2.667e-01) (0.000e+00 0.000e+00 0.000e+00))
317        	((-3.898e+01 6.151e+00 -8.893e+01) (-8.794e-01 9.195e-03 2.183e-01) (0.000e+00 0.000e+00 0.000e+00)) ((-2.893e+01 -1.726e+02 -2.424e+00) (3.869e-02 -1.171e-01 2.664e-01) (0.000e+00 0.000e+00 0.000e+00))
318        	((-3.901e+01 6.180e+00 -8.898e+01) (-8.774e-01 8.936e-03 2.171e-01) (0.000e+00 0.000e+00 0.000e+00)) ((-2.892e+01 -1.728e+02 -2.482e+00) (3.833e-02 -1.186e-01 2.660e-01) (0.000e+00 0.000e+00 0.000e+00))
319        	((-3.903e+01 6.212e+00 -8.903e+01) (-8.757e-01 8.718e-03 2.160e-01) (0.000e+00 0.000e+00 0.000e+00)) ((-2.891e+01 -1.729e+02 -2.543e+00) (3.798e-02 -1.200e-01 2.656e-01) (0.000e+00 0.000e+00 0.000e+00))
320        	((-3.906e+01 6.251e+00 -8.906e+01) (-8.742e-01 8.542e-03 2.149e-01) (0.000e+00 0.000e+00 0.000e+00)) ((-2.889e+01 -1.729e+02 -2.610e+00) (3.762e-02 -1.214e-01 2.653e-01) (0.000e+00 0.000e+00 0.000e+00))
321        	((-3.909e+01 6.293e+00 -8.909e+01) (-8.730e-01 8.399e-03 2.138e-01) (0.000e+00 0.000e+00 0.000e+00)) ((-2.887e+01 -1.730e+02 -2.680e+00) (3.721e-02 -1.230e-01 2.650e-01) (0.000e+00 0.000e+00 0.000e+00))
322        	((-3.912e+01 6.340e+00 -8.910e+01) (-8.721e-01 8.304e-03 2.125e-01) (0.000e+00 0.000e+00 0.000e+00)) ((-2.884e+01 -1.731e+02 -2.755e+00) (3.673e-02 -1.248e-01 2.648e-01) (0.000e+00 0.000e+00 0.000e+00))
323        	((-3.915e+01 6.388e+00 -8.910e+01) (-8.716e-01 8.258e-03 2.112e-01) (0.000e+00 0.000e+00 0.000e+00)) ((-2.881e+01 -1.731e+02 -2.829e+00) (3.619e-02 -1.270e-01 2.647e-01) (0.000e+00 0.000e+00 0.000e+00))
324        	((-3.918e+01 6.440e+00 -8.909e+01) (-8.713e-01 8.258e-03 2.098e-01) (0.000e+00 0.000e+00 0.000e+00)) ((-2.878e+01 -1.731e+02 -2.908e+00) (3.557e-02 -1.293e-01 2.645e-01) (0.000e+00 0.000e+00 0.000e+00))
325        	((-3.920e+01 6.495e+00 -8.907e+01) (-8.715e-01 8.303e-03 2.083e-01) (0.000e+00 0.000e+00 0.000e+00)) ((-2.874e+01 -1.731e+02 -2.989e+00) (3.487e-02 -1.321e-01 2.645e-01) (0.000e+00 0.000e+00 0.000e+00))
326        	((-3.922e+01 6.553e+00 -8.903e+01) (-8.720e-01 8.392e-03 2.068e-01) (0.000e+00 0.000e+00 0.000e+00)) ((-2.871e+01 -1.730e+02 -3.077e+00) (3.411e-02 -1.351e-01 2.645e-01) (0.000e+00 0.000e+00 0.000e+00))
327        	((-3.924e+01 6.613e+00 -8.899e+01) (-8.729e-01 8.526e-03 2.052e-01) (0.000e+00 0.000e+00 0.000e+00)) ((-2.867e+01 -1.730e+02 -3.168e+00) (3.330e-02 -1.383e-01 2.646e-01) (0.000e+00 0.000e+00 0.000e+00))
328        	((-3.926e+01 6.676e+00 -8.895e+01) (-8.740e-01 8.701e-03 2.036e-01) (0.000e+00 0.000e+00 0.000e+00)) ((-2.865e+01 -1.729e+02 -3.264e+00) (3.247e-02 -1.417e-01 2.648e-01) (0.000e+00 0.000e+00 0.000e+00))
329        	((-3.928e+01 6.737e+00 -8.890e+01) (-8.755e-01 8.907e-03 2.021e-01) (0.000e+00 0.000e+00 0.000e+00)) ((-2.862e+01 -1.729e+02 -3.357e+00) (3.163e-02 -1.452e-01 2.650e-01) (0.000e+00 0.000e+00 0.000e+00))
330        	((-3.929e+01 6.795e+00 -8.887e+01) (-8.773e-01 9.159e-03 2.007e-01) (0.000e+00 0.000e+00 0.000e+00)) ((-2.860e+01 -1.728e+02 -3.447e+00) (3.082e-02 -1.486e-01 2.653e-01) (0.000e+00 0.000e+00 0.000e+00))
331        	((-3.931e+01 6.846e+00 -8.883e+01) (-8.795e-01 9.429e-03 1.994e-01) (0.000e+00 0.000e+00 0.000e+00)) ((-2.857e+01 -1.728e+02 -3.526e+00) (3.006e-02 -1.519e-01 2.656e-01) (0.000e+00 0.000e+00 0.000e+00))
332        	((-3.932e+01 6.891e+00 -8.881e+01) (-8.818e-01 9.717e-03 1.984e-01) (0.000e+00 0.000e+00 0.000e+00)) ((-2.855e+01 -1.727e+02 -3.596e+00) (2.938e-02 -1.551e-01 2.660e-01) (0.000e+00 0.000e+00 0.000e+00))
333        	((-3.932e+01 6.927e+00 -8.878e+01) (-8.843e-01 1.000e-02 1.976e-01) (0.000e+00 0.000e+00 0.000e+00)) ((-2.853e+01 -1.727e+02 -3.657e+00) (2.879e-02 -1.579e-01 2.666e-01) (0.000e+00 0.000e+00 0.000e+00))
334        	((-3.933e+01 6.956e+00 -8.877e+01) (-8.869e-01 1.030e-02 1.971e-01) (0.000e+00 0.000e+00 0.000e+00)) ((-2.851e+01 -1.727e+02 -3.710e+00) (2.830e-02 -1.603e-01 2.671e-01) (0.000e+00 0.000e+00 0.000e+00))
335        	((-3.932e+01 6.975e+00 -8.875e+01) (-8.895e-01 1.059e-02 1.968e-01) (0.000e+00 0.000e+00 0.000e+00)) ((-2.849e+01 -1.727e+02 -3.749e+00) (2.794e-02 -1.623e-01 2.676e-01) (0.000e+00 0.000e+00 0.000e+00))
336        	((-3.932e+01 6.984e+00 -8.874e+01) (-8.921e-01 1.086e-02 1.968e-01) (0.000e+00 0.000e+00 0.000e+00)) ((-2.847e+01 -1.726e+02 -3.773e+00) (2.770e-02 -1.638e-01 2.682e-01) (0.000e+00 0.000e+00 0.000e+00))
337        	((-3.930e+01 6.980e+00 -8.872e+01) (-8.945e-01 1.109e-02 1.971e-01) (0.000e+00 0.000e+00 0.000e+00)) ((-2.845e+01 -1.726e+02 -3.781e+00) (2.762e-02 -1.646e-01 2.688e-01) (0.000e+00 0.000e+00 0.000e+00))
338        	((-3.929e+01 6.969e+00 -8.870e+01) (-8.966e-01 1.128e-02 1.977e-01) (0.000e+00 0.000e+00 0.000e+00)) ((-2.843e+01 -1.725e+02 -3.777e+00) (2.768e-02 -1.648e-01 2.693e-01) (0.000e+00 0.000e+00 0.000e+00))
339        	((-3.927e+01 6.949e+00 -8.868e+01) (-8.984e-01 1.142e-02 1.987e-01) (0.000e+00 0.000e+00 0.000e+00)) ((-2.840e+01 -1.725e+02 -3.763e+00) (2.790e-02 -1.642e-01 2.697e-01) (0.000e+00 0.000e+00 0.000e+00))
340        	((-3.925e+01 6.927e+00 -8.866e+01) (-8.998e-01 1.151e-02 1.999e-01) (0.000e+00 0.000e+00 0.000e+00)) ((-2.839e+01 -1.724e+02 -3.746e+00) (2.828e-02 -1.629e-01 2.701e-01) (0.000e+00 0.000e+00 0.000e+00))
341        	((-3.923e+01 6.905e+00 -8.862e+01) (-9.007e-01 1.153e-02 2.015e-01) (0.000e+00 0.000e+00 0.000e+00)) ((-2.837e+01 -1.723e+02 -3.728e+00) (2.881e-02 -1.609e-01 2.704e-01) (0.000e+00 0.000e+00 0.000e+00))
342        	((-3.920e+01 6.884e+00 -8.859e+01) (-9.012e-01 1.154e-02 2.033e-01) (0.000e+00 0.000e+00 0.000e+00)) ((-2.836e+01 -1.722e+02 -3.713e+00) (2.945e-02 -1.582e-01 2.705e-01) (0.000e+00 0.000e+00 0.000e+00))
343        	((-3.918e+01 6.863e+00 -8.855e+01) (-9.013e-01 1.148e-02 2.053e-01) (0.000e+00 0.000e+00 0.000e+00)) ((-2.836e+01 -1.722e+02 -3.695e+00) (3.020e-02 -1.550e-01 2.706e-01) (0.000e+00 0.000e+00 0.000e+00))
344        	((-3.916e+01 6.844e+00 -8.852e+01) (-9.011e-01 1.140e-02 2.073e-01) (0.000e+00 0.000e+00 0.000e+00)) ((-2.835e+01 -1.721e+02 -3.676e+00) (3.101e-02 -1.514e-01 2.706e-01) (0.000e+00 0.000e+00 0.000e+00))
345        	((-3.915e+01 6.822e+00 -8.849e+01) (-9.007e-01 1.129e-02 2.094e-01) (0.000e+00 0.000e+00 0.000e+00)) ((-2.836e+01 -1.720e+02 -3.649e+00) (3.187e-02 -1.477e-01 2.706e-01) (0.000e+00 0.000e+00 0.000e+00))
346        	((-3.914e+01 6.798e+00 -8.847e+01) (-9.001e-01 1.117e-02 2.115e-01) (0.000e+00 0.000e+00 0.000e+00)) ((-2.836e+01 -1.720e+02 -3.614e+00) (3.273e-02 -1.439e-01 2.705e-01) (0.000e+00 0.000e+00 0.000e+00))
347        	((-3.914e+01 6.771e+00 -8.847e+01) (-8.995e-01 1.103e-02 2.135e-01) (0.000e+00 0.000e+00 0.000e+00)) ((-2.837e+01 -1.719e+02 -3.565e+00) (3.359e-02 -1.402e-01 2.705e-01) (0.000e+00 0.000e+00 0.000e+00))
348        	((-3.914e+01 6.739e+00 -8.849e+01) (-8.989e-01 1.089e-02 2.154e-01) (0.000e+00 0.000e+00 0.000e+00)) ((-2.838e+01 -1.720e+02 -3.502e+00) (3.441e-02 -1.367e-01 2.705e-01) (0.000e+00 0.000e+00 0.000e+00))
349        	((-3.915e+01 6.701e+00 -8.852e+01) (-8.985e-01 1.074e-02 2.171e-01) (0.000e+00 0.000e+00 0.000e+00)) ((-2.839e+01 -1.720e+02 -3.423e+00) (3.517e-02 -1.335e-01 2.705e-01) (0.000e+00 0.000e+00 0.000e+00))
350        	((-3.916e+01 6.657e+00 -8.857e+01) (-8.981e-01 1.058e-02 2.185e-01) (0.000e+00 0.000e+00 0.000e+00)) ((-2.840e+01 -1.721e+02 -3.327e+00) (3.585e-02 -1.307e-01 2.706e-01) (0.000e+00 0.000e+00 0.000e+00))
351        	((-3.918e+01 6.605e+00 -8.864e+01) (-8.978e-01 1.041e-02 2.197e-01) (0.000e+00 0.000e+00 0.000e+00)) ((-2.840e+01 -1.723e+02 -3.210e+00) (3.645e-02 -1.285e-01 2.708e-01) (0.000e+00 0.000e+00 0.000e+00))
352        	((-3.920e+01 6.546e+00 -8.872e+01) (-8.976e-01 1.022e-02 2.206e-01) (0.000e+00 0.000e+00 0.000e+00)) ((-2.840e+01 -1.724e+02 -3.074e+00) (3.694e-02 -1.266e-01 2.711e-01) (0.000e+00 0.000e+00 0.000e+00))
353        	((-3.922e+01 6.478e+00 -8.880e+01) (-8.975e-01 1.003e-02 2.212e-01) (0.000e+00 0.000e+00 0.000e+00)) ((-2.839e+01 -1.726e+02 -2.917e+00) (3.734e-02 -1.253e-01 2.714e-01) (0.000e+00 0.000e+00 0.000e+00))
354        	((-3.924e+01 6.401e+00 -8.890e+01) (-8.974e-01 9.826e-03 2.216e-01) (0.000e+00 0.000e+00 0.000e+00)) ((-2.838e+01 -1.727e+02 -2.741e+00) (3.762e-02 -1.244e-01 2.717e-01) (0.000e+00 0.000e+00 0.000e+00))
355        	((-3.925e+01 6.315e+00 -8.899e+01) (-8.973e-01 9.621e-03 2.217e-01) (0.000e+00 0.000e+00 0.000e+00)) ((-2.835e+01 -1.729e+02 -2.546e+00) (3.781e-02 -1.240e-01 2.720e-01) (0.000e+00 0.000e+00 0.000e+00))
356        	((-3.926e+01 6.222e+00 -8.907e+01) (-8.971e-01 9.429e-03 2.215e-01) (0.000e+00 0.000e+00 0.000e+00)) ((-2.832e+01 -1.731e+02 -2.338e+00) (3.789e-02 -1.239e-01 2.723e-01) (0.000e+00 0.000e+00 0.000e+00))
357        	((-3.927e+01 6.122e+00 -8.915e+01) (-8.970e-01 9.245e-03 2.211e-01) (0.000e+00 0.000e+00 0.000e+00)) ((-2.828e+01 -1.732e+02 -2.121e+00) (3.788e-02 -1.241e-01 2.726e-01) (0.000e+00 0.000e+00 0.000e+00))
358        	((-3.927e+01 6.021e+00 -8.921e+01) (-8.967e-01 9.088e-03 2.206e-01) (0.000e+00 0.000e+00 0.000e+00)) ((-2.823e+01 -1.733e+02 -1.903e+00) (3.777e-02 -1.246e-01 2.728e-01) (0.000e+00 0.000e+00 0.000e+00))
359        	((-3.927e+01 5.921e+00 -8.926e+01) (-8.965e-01 8.952e-03 2.199e-01) (0.000e+00 0.000e+00 0.000e+00)) ((-2.819e+01 -1.734e+02 -1.691e+00) (3.759e-02 -1.253e-01 2.730e-01) (0.000e+00 0.000e+00 0.000e+00))
360        	((-3.926e+01 5.826e+00 -8.930e+01) (-8.963e-01 8.860e-03 2.192e-01) (0.000e+00 0.000e+00 0.000e+00)) ((-2.814e+01 -1.735e+02 -1.496e+00) (3.736e-02 -1.262e-01 2.730e-01) (0.000e+00 0.000e+00 0.000e+00))
